0	548.000000	129.000000	9.000000	1.902374	0.756808	0.936940
1	606.000000	46.000000	0.000000	0.932275	1.153996	1.055085
2	251.000000	234.000000	2.000000	0.070368	1.551034	1.111532
3	356.000000	290.000000	9.000000	0.474754	1.095273	0.279872
4	932.000000	889.000000	8.000000	1.016190	1.093934	0.485708
5	406.000000	348.000000	1.000000	1.070906	1.185037	1.288245
6	506.000000	794.000000	0.000000	0.831428	1.357526	0.919131
7	166.000000	269.000000	9.000000	0.509341	1.444441	1.319989
8	499.000000	935.000000	7.000000	1.945972	1.454605	0.152216
9	828.000000	541.000000	9.000000	0.952646	1.064050	0.166185
10	823.000000	81.000000	8.000000	0.345931	1.321832	0.506385
11	912.000000	688.000000	6.000000	1.258115	0.414161	0.311175
12	145.000000	871.000000	0.000000	1.744842	0.560277	0.162537
13	557.000000	288.000000	2.000000	0.442909	1.517771	1.230988
14	837.000000	280.000000	2.000000	2.847348	0.862605	0.103774
15	607.000000	618.000000	2.000000	2.729032	1.413327	0.009412
16	149.000000	184.000000	6.000000	0.455787	1.421335	0.914771
17	279.000000	282.000000	5.000000	0.025861	1.113000	0.491198
18	380.000000	713.000000	2.000000	0.245049	1.505350	1.284735
19	747.000000	601.000000	4.000000	1.042979	1.185949	1.235943
20	146.000000	484.000000	7.000000	0.038820	0.828078	1.383051
21	614.000000	389.000000	7.000000	0.921005	1.453184	1.233370
22	52.000000	534.000000	9.000000	0.202612	1.280000	1.551812
23	733.000000	151.000000	7.000000	2.026554	0.849879	0.640216
24	627.000000	48.000000	9.000000	2.253307	0.582310	0.758492
25	539.000000	588.000000	7.000000	1.649860	1.068581	1.197874
26	663.000000	737.000000	4.000000	1.221013	1.313193	0.212820
27	641.000000	76.000000	8.000000	0.034142	1.270090	0.472326
28	17.000000	389.000000	2.000000	1.590744	1.154719	0.687545
29	191.000000	196.000000	5.000000	0.895200	0.411615	0.665314
30	907.000000	343.000000	2.000000	1.136560	0.472312	1.204642
31	765.000000	889.000000	1.000000	1.223385	0.706314	0.100103
32	302.000000	2.000000	5.000000	0.935741	0.388920	0.577913
33	643.000000	735.000000	8.000000	0.896324	0.952758	0.272764
34	400.000000	354.000000	9.000000	1.185958	1.553320	1.354630
35	301.000000	894.000000	7.000000	0.170047	1.142461	1.308498
36	821.000000	549.000000	4.000000	0.348041	1.316432	0.838845
37	517.000000	251.000000	2.000000	0.089950	1.455058	1.554675
38	495.000000	200.000000	1.000000	1.420263	0.456126	0.867001
39	179.000000	391.000000	8.000000	0.126859	0.759822	0.883466
40	465.000000	359.000000	3.000000	1.000219	0.813699	0.189272
41	227.000000	116.000000	2.000000	1.022875	0.876438	0.954278
42	378.000000	350.000000	6.000000	0.137195	1.547343	1.098933
43	55.000000	54.000000	3.000000	1.505500	0.838128	1.395338
44	823.000000	386.000000	8.000000	0.978309	0.594960	0.643656
45	632.000000	688.000000	4.000000	0.182638	0.909531	0.715840
46	89.000000	501.000000	3.000000	1.247301	1.151809	0.836631
47	283.000000	78.000000	6.000000	1.256485	1.398344	1.383528
48	418.000000	505.000000	6.000000	0.891408	0.780201	1.506378
49	1.000000	685.000000	8.000000	1.007795	0.516289	1.156323
50	789.000000	210.000000	9.000000	0.326656	1.039413	1.398876
51	844.000000	437.000000	7.000000	0.590431	0.510015	0.699027
52	917.000000	815.000000	7.000000	0.118723	1.091953	0.014726
53	855.000000	802.000000	1.000000	0.467050	1.472965	1.166877
54	589.000000	685.000000	0.000000	2.414680	0.711391	0.005384
55	677.000000	378.000000	0.000000	0.741440	0.856772	0.985649
56	651.000000	467.000000	1.000000	0.279958	0.640464	0.206279
57	166.000000	683.000000	1.000000	0.932447	0.385760	0.768531
58	873.000000	93.000000	6.000000	2.468419	1.055203	0.117317
59	839.000000	94.000000	1.000000	0.450201	0.307675	1.542857
60	189.000000	816.000000	1.000000	0.923248	0.894844	1.469035
61	838.000000	720.000000	0.000000	1.776606	0.285655	0.692376
62	527.000000	629.000000	7.000000	1.349110	1.528100	0.180743
63	635.000000	545.000000	9.000000	0.806229	1.251422	1.299001
64	728.000000	194.000000	5.000000	1.782226	1.082291	0.107861
65	200.000000	871.000000	5.000000	2.243970	1.346200	0.173219
66	360.000000	514.000000	4.000000	0.978254	1.331595	1.469124
67	13.000000	680.000000	9.000000	1.458621	1.340635	1.375925
68	684.000000	613.000000	2.000000	1.662342	1.415240	0.855639
69	921.000000	445.000000	7.000000	1.248970	1.524447	0.753965
70	834.000000	634.000000	5.000000	0.217194	0.605636	0.378979
71	86.000000	465.000000	5.000000	0.249434	1.396300	0.597786
72	578.000000	52.000000	5.000000	1.669430	0.621236	1.409406
73	6.000000	619.000000	2.000000	0.315091	1.230384	0.983113
74	235.000000	408.000000	6.000000	2.095093	0.939436	0.558797
75	210.000000	608.000000	9.000000	0.862467	1.546435	1.285550
76	427.000000	901.000000	3.000000	0.880381	1.395197	1.432884
77	172.000000	914.000000	5.000000	0.922759	0.782302	0.675051
78	531.000000	659.000000	1.000000	1.139499	1.336749	0.325738
79	44.000000	572.000000	6.000000	0.353993	0.810831	0.141031
80	523.000000	398.000000	0.000000	1.219029	0.840432	1.037603
81	878.000000	416.000000	7.000000	0.839037	1.331292	1.108213
82	5.000000	55.000000	0.000000	0.572588	0.537403	1.423641
83	770.000000	61.000000	9.000000	1.018887	0.686258	1.250050
84	132.000000	296.000000	9.000000	0.662654	0.836465	0.913231
85	560.000000	439.000000	0.000000	2.595200	1.374112	0.002239
86	919.000000	866.000000	1.000000	0.456123	0.590304	1.236568
87	784.000000	98.000000	5.000000	1.108726	0.287334	1.306311
88	322.000000	562.000000	6.000000	2.847958	1.117166	0.096083
89	473.000000	538.000000	0.000000	0.560657	1.465415	0.473220
90	61.000000	121.000000	9.000000	1.632860	0.572953	1.181628
91	351.000000	931.000000	5.000000	0.722074	1.181506	0.180704
92	99.000000	936.000000	0.000000	2.363612	1.238763	0.196461
93	771.000000	699.000000	3.000000	0.486805	1.435617	1.263824
94	250.000000	763.000000	0.000000	0.828784	1.230808	1.155914
95	2.000000	384.000000	1.000000	0.796125	0.390210	1.168027
96	362.000000	295.000000	9.000000	1.322734	1.039515	0.748326
97	683.000000	72.000000	0.000000	0.132207	0.817216	0.281426
98	910.000000	326.000000	2.000000	0.247928	0.972323	1.547962
99	789.000000	799.000000	0.000000	0.589211	1.304867	1.484717
100	299.000000	860.000000	3.000000	1.987459	0.606790	0.936210
101	140.000000	203.000000	4.000000	0.102469	0.980123	0.227799
102	466.000000	234.000000	0.000000	0.847123	1.555820	0.533305
103	778.000000	65.000000	1.000000	0.607785	0.725156	0.108064
104	212.000000	248.000000	5.000000	0.374228	0.885090	0.190049
105	814.000000	250.000000	1.000000	2.302072	0.270266	0.380724
106	847.000000	612.000000	6.000000	0.602870	1.062946	1.533202
107	806.000000	287.000000	0.000000	0.673079	0.999602	0.339575
108	796.000000	189.000000	6.000000	0.220894	1.123538	0.985689
109	408.000000	38.000000	7.000000	0.829846	1.182237	0.071150
110	490.000000	338.000000	9.000000	0.317908	1.080348	0.492151
111	693.000000	410.000000	3.000000	0.652701	0.909507	1.193262
112	887.000000	808.000000	9.000000	0.073612	1.168924	0.204032
113	70.000000	647.000000	5.000000	0.525732	0.486045	0.503142
114	823.000000	791.000000	5.000000	0.854159	0.882487	0.534600
115	528.000000	597.000000	5.000000	0.074750	0.587432	0.048447
116	481.000000	504.000000	9.000000	0.677078	1.175912	0.296641
117	730.000000	302.000000	8.000000	1.423784	1.029568	1.559576
118	110.000000	159.000000	7.000000	0.155331	0.376698	0.004798
119	689.000000	499.000000	6.000000	1.603633	0.758984	0.285740
120	186.000000	922.000000	6.000000	1.339675	0.282365	1.368054
121	476.000000	675.000000	6.000000	1.494171	0.261079	0.232495
122	901.000000	555.000000	7.000000	1.089255	0.667356	0.646795
123	620.000000	557.000000	6.000000	1.043295	1.555642	0.509758
124	337.000000	440.000000	7.000000	0.089193	1.304700	0.358307
125	302.000000	901.000000	6.000000	1.150881	0.696208	0.308454
126	449.000000	442.000000	2.000000	2.169985	0.500105	0.354515
127	200.000000	232.000000	4.000000	0.241395	0.715763	0.918953
128	238.000000	343.000000	5.000000	0.961378	0.210768	0.387414
129	466.000000	24.000000	7.000000	0.814927	1.374456	0.935100
130	664.000000	210.000000	9.000000	1.279763	1.412450	1.352154
131	260.000000	618.000000	4.000000	1.714899	1.488712	0.181050
132	198.000000	579.000000	9.000000	0.537731	1.062520	0.746877
133	5.000000	260.000000	8.000000	0.616829	0.849070	1.388888
134	391.000000	597.000000	9.000000	0.032104	0.707902	1.248207
135	560.000000	832.000000	0.000000	1.586977	1.084034	0.285977
136	318.000000	341.000000	4.000000	0.221505	0.977929	0.670039
137	580.000000	542.000000	7.000000	0.057377	0.913554	1.434957
138	205.000000	780.000000	2.000000	1.955921	1.327571	0.466551
139	792.000000	238.000000	6.000000	1.904119	0.934221	0.472492
140	939.000000	834.000000	8.000000	0.285267	0.808705	1.054491
141	128.000000	154.000000	7.000000	0.933849	0.728022	0.212335
142	933.000000	285.000000	8.000000	0.860704	0.455632	1.433844
143	344.000000	222.000000	0.000000	1.023110	1.282587	0.342959
144	245.000000	546.000000	0.000000	0.840378	1.202699	0.486329
145	654.000000	98.000000	2.000000	1.747179	1.005160	0.246828
146	16.000000	417.000000	5.000000	0.621800	1.252806	1.194029
147	760.000000	57.000000	7.000000	1.453067	0.900485	0.170106
148	797.000000	194.000000	0.000000	1.370754	1.233412	1.568192
149	101.000000	47.000000	0.000000	1.192456	1.331287	0.353591
150	437.000000	918.000000	5.000000	0.443769	1.350129	0.600510
151	848.000000	107.000000	1.000000	2.112093	0.849689	0.521660
152	937.000000	32.000000	8.000000	0.698962	0.860482	0.104410
153	665.000000	308.000000	1.000000	0.455030	1.463116	1.347755
154	586.000000	553.000000	7.000000	0.471808	1.514763	1.062633
155	96.000000	199.000000	5.000000	1.264437	0.810241	0.990160
156	370.000000	215.000000	4.000000	0.697008	1.556048	0.081781
157	45.000000	908.000000	2.000000	1.491445	1.003529	0.594653
158	195.000000	765.000000	8.000000	0.765608	1.419790	1.428697
159	117.000000	799.000000	7.000000	0.598573	1.189751	0.719081
160	277.000000	228.000000	6.000000	1.211857	0.966281	0.404859
161	264.000000	136.000000	5.000000	0.133190	0.215251	1.433414
162	406.000000	133.000000	7.000000	2.892447	0.418546	0.122825
163	764.000000	799.000000	7.000000	1.253201	0.825138	0.360758
164	337.000000	377.000000	1.000000	0.458962	0.314173	1.016525
165	456.000000	405.000000	2.000000	1.380121	0.546974	1.536919
166	674.000000	707.000000	8.000000	2.232136	0.403017	0.127329
167	368.000000	752.000000	6.000000	2.181435	1.160820	0.004874
168	52.000000	879.000000	3.000000	0.275971	0.651797	1.212564
169	871.000000	56.000000	4.000000	2.032785	1.125505	0.110968
170	660.000000	266.000000	3.000000	0.015302	1.181680	0.638235
171	496.000000	530.000000	9.000000	1.678961	0.500370	0.529484
172	303.000000	868.000000	5.000000	1.280836	1.062230	0.219973
173	142.000000	625.000000	6.000000	1.209251	0.552048	1.290753
174	290.000000	22.000000	3.000000	0.984978	0.678601	0.462315
175	923.000000	479.000000	0.000000	0.499091	1.529806	0.927491
176	815.000000	145.000000	7.000000	0.435868	0.463299	1.412193
177	855.000000	513.000000	9.000000	1.501906	1.121599	0.090707
178	863.000000	566.000000	1.000000	1.665484	1.245387	0.162185
179	697.000000	429.000000	7.000000	1.502934	1.274312	1.425644
180	321.000000	149.000000	5.000000	1.599804	1.274610	0.746751
181	174.000000	578.000000	6.000000	1.668669	0.765124	1.236924
182	96.000000	881.000000	4.000000	0.647273	0.946536	0.331815
183	151.000000	84.000000	9.000000	1.196720	1.008739	0.018642
184	937.000000	306.000000	4.000000	1.020274	0.638689	1.507010
185	152.000000	221.000000	5.000000	1.510445	0.670814	0.793704
186	712.000000	96.000000	0.000000	1.066583	0.374836	1.351410
187	99.000000	884.000000	3.000000	0.105811	0.411180	0.528953
188	170.000000	807.000000	1.000000	0.330380	0.972309	0.123384
189	181.000000	564.000000	2.000000	1.029833	0.521398	1.011361
190	181.000000	818.000000	2.000000	1.003821	1.136640	1.554736
191	446.000000	924.000000	2.000000	1.114742	1.158234	0.433576
192	234.000000	12.000000	5.000000	0.433620	0.652980	0.191972
193	891.000000	163.000000	1.000000	0.092596	1.350190	0.861172
194	292.000000	92.000000	7.000000	0.101039	1.071601	1.315086
195	656.000000	176.000000	8.000000	0.734412	1.570653	1.177558
196	491.000000	888.000000	7.000000	2.569247	0.905894	0.034957
197	471.000000	919.000000	1.000000	0.569274	0.785780	1.283669
198	897.000000	82.000000	8.000000	0.842605	0.552330	1.129603
199	880.000000	263.000000	5.000000	1.290662	1.541154	1.507821
200	353.000000	376.000000	3.000000	0.876120	0.356073	0.809060
201	915.000000	755.000000	9.000000	1.498657	1.235361	1.341366
202	39.000000	49.000000	2.000000	0.340540	1.325164	1.271317
203	44.000000	0.000000	7.000000	0.982116	1.441172	1.380062
204	66.000000	225.000000	0.000000	1.550870	0.240920	0.388570
205	325.000000	881.000000	8.000000	0.172146	0.278434	0.449831
206	874.000000	365.000000	7.000000	1.160167	1.483113	0.621683
207	443.000000	768.000000	8.000000	1.030507	1.110159	0.877735
208	24.000000	657.000000	0.000000	0.409496	1.029366	1.115101
209	344.000000	598.000000	6.000000	1.738444	0.514593	0.973267
210	289.000000	11.000000	4.000000	0.422056	0.938858	0.078110
211	44.000000	858.000000	9.000000	0.001291	1.206948	0.074907
212	724.000000	897.000000	9.000000	1.155740	0.762292	0.019109
213	408.000000	1.000000	1.000000	0.927868	1.353819	1.434301
214	255.000000	939.000000	6.000000	2.055771	0.927421	0.280975
215	195.000000	325.000000	0.000000	1.608396	1.504942	0.798626
216	176.000000	191.000000	7.000000	1.304042	1.286158	0.745807
217	105.000000	634.000000	7.000000	1.933214	1.112160	0.325043
218	13.000000	590.000000	5.000000	0.354532	0.527117	0.324975
219	876.000000	866.000000	3.000000	1.255126	1.492187	0.280806
220	122.000000	148.000000	6.000000	1.622037	1.447435	1.109183
221	616.000000	192.000000	4.000000	1.334295	0.787402	1.487469
222	858.000000	848.000000	1.000000	1.616505	1.234890	0.376077
223	277.000000	316.000000	4.000000	0.530063	1.565594	0.783998
224	500.000000	572.000000	4.000000	0.789212	0.204167	0.145029
225	9.000000	699.000000	1.000000	0.329427	0.437065	1.065937
226	331.000000	875.000000	2.000000	0.701954	0.395785	0.588542
227	78.000000	40.000000	8.000000	0.182649	1.028151	0.047287
228	525.000000	926.000000	0.000000	1.719055	0.924822	1.324797
229	622.000000	862.000000	6.000000	0.648564	1.171722	0.469413
230	445.000000	916.000000	4.000000	1.330499	0.327363	0.149639
231	211.000000	524.000000	9.000000	0.262590	1.534684	1.146371
232	767.000000	442.000000	7.000000	1.867974	1.059879	0.771144
233	408.000000	651.000000	6.000000	0.812215	1.488155	0.648175
234	855.000000	212.000000	8.000000	1.936216	1.016286	0.207488
235	429.000000	153.000000	9.000000	0.582868	1.396503	0.641965
236	192.000000	484.000000	5.000000	0.771518	1.369942	0.858433
237	214.000000	562.000000	5.000000	0.880019	1.420695	0.698380
238	734.000000	79.000000	3.000000	0.681764	1.059251	1.021000
239	904.000000	702.000000	5.000000	0.494769	1.076334	1.327639
240	60.000000	139.000000	1.000000	0.567037	1.042461	1.323728
241	237.000000	283.000000	6.000000	1.523812	1.171308	0.009039
242	606.000000	110.000000	8.000000	0.212771	1.034670	1.241992
243	883.000000	451.000000	2.000000	1.997896	0.242245	0.429227
244	469.000000	366.000000	4.000000	0.138928	1.165255	0.940905
245	559.000000	727.000000	7.000000	2.356229	1.121002	0.080692
246	409.000000	919.000000	1.000000	0.232637	0.540148	0.052271
247	126.000000	125.000000	5.000000	1.279637	1.135183	0.894396
248	823.000000	859.000000	6.000000	1.065487	0.968141	1.559818
249	567.000000	823.000000	8.000000	1.222158	1.279433	0.663003
250	232.000000	815.000000	0.000000	1.591615	1.258805	0.699107
251	814.000000	112.000000	5.000000	0.030695	0.812449	0.757866
252	912.000000	650.000000	5.000000	0.733998	1.213170	0.304136
253	512.000000	526.000000	8.000000	0.673263	1.546803	0.300136
254	764.000000	927.000000	4.000000	1.212356	0.629882	0.438551
255	220.000000	547.000000	3.000000	0.447061	0.805464	1.099278
256	837.000000	888.000000	2.000000	1.255461	1.347801	0.553597
257	930.000000	74.000000	7.000000	0.245758	1.254972	1.254321
258	577.000000	897.000000	6.000000	1.667030	1.157080	0.543969
259	304.000000	524.000000	1.000000	1.827482	0.774558	0.258209
260	664.000000	757.000000	7.000000	2.007722	0.870738	0.743908
261	156.000000	563.000000	1.000000	0.391065	1.119198	0.532435
262	871.000000	535.000000	2.000000	0.067229	0.993323	0.520649
263	689.000000	39.000000	8.000000	0.072093	0.801782	0.911193
264	17.000000	804.000000	5.000000	0.477845	1.349853	0.480250
265	652.000000	84.000000	4.000000	1.270916	0.606774	0.935884
266	65.000000	854.000000	2.000000	0.109787	1.416603	0.241627
267	330.000000	776.000000	6.000000	2.633737	0.501484	0.445052
268	719.000000	346.000000	4.000000	0.659249	1.031847	0.023042
269	156.000000	650.000000	8.000000	1.641144	0.722341	1.321651
270	279.000000	306.000000	7.000000	1.588764	0.877677	0.063739
271	278.000000	463.000000	0.000000	1.812786	1.454161	0.393338
272	322.000000	326.000000	7.000000	1.590655	1.381681	1.404868
273	144.000000	75.000000	9.000000	0.699509	0.907222	0.921675
274	424.000000	93.000000	3.000000	1.823991	0.626584	0.029499
275	691.000000	677.000000	9.000000	1.538319	0.309038	0.083421
276	566.000000	674.000000	5.000000	0.532079	0.333403	0.860463
277	388.000000	64.000000	4.000000	0.524588	0.166104	0.115986
278	217.000000	784.000000	0.000000	1.101060	0.553463	0.083128
279	71.000000	872.000000	2.000000	2.376562	0.780899	0.068364
280	381.000000	211.000000	0.000000	0.054567	0.107589	1.357116
281	509.000000	422.000000	3.000000	2.043292	0.453103	0.634747
282	191.000000	744.000000	0.000000	1.756272	0.456156	0.629530
283	341.000000	820.000000	7.000000	2.020149	1.138527	0.312971
284	530.000000	236.000000	0.000000	1.193725	1.444705	0.607221
285	515.000000	927.000000	7.000000	0.401527	0.395680	0.905582
286	516.000000	553.000000	2.000000	1.067014	1.355070	1.207082
287	364.000000	874.000000	6.000000	2.440529	1.049828	0.279768
288	48.000000	151.000000	2.000000	0.382004	0.780377	0.747025
289	10.000000	154.000000	4.000000	0.566389	0.589913	1.252865
290	622.000000	535.000000	8.000000	1.345331	1.010394	0.235073
291	532.000000	36.000000	2.000000	1.158176	1.106010	0.986553
292	838.000000	228.000000	6.000000	1.092918	1.506317	0.658406
293	530.000000	501.000000	8.000000	0.455276	1.509862	1.056591
294	297.000000	91.000000	4.000000	0.822464	1.423738	0.140897
295	158.000000	606.000000	1.000000	0.207863	1.086790	0.555526
296	627.000000	114.000000	7.000000	0.972576	1.240915	1.099201
297	899.000000	478.000000	1.000000	0.935275	1.482950	0.943661
298	228.000000	526.000000	4.000000	0.963905	1.369504	0.981985
299	272.000000	536.000000	8.000000	0.250874	1.330424	0.401415
300	317.000000	150.000000	3.000000	0.656438	0.365770	0.951337
301	437.000000	615.000000	2.000000	1.375876	1.065372	1.363977
302	39.000000	513.000000	0.000000	1.379505	0.783464	0.809950
303	317.000000	103.000000	1.000000	0.106757	1.405027	0.056045
304	475.000000	332.000000	4.000000	0.634696	1.306187	0.381656
305	801.000000	422.000000	2.000000	0.758222	0.834414	0.669618
306	242.000000	110.000000	6.000000	0.756574	1.265205	0.550824
307	169.000000	1.000000	5.000000	0.866593	0.918382	1.320722
308	902.000000	161.000000	3.000000	2.294480	0.958224	0.135982
309	846.000000	434.000000	0.000000	1.845843	0.624056	0.191368
310	876.000000	683.000000	2.000000	2.082806	1.339472	0.190766
311	570.000000	180.000000	7.000000	0.539125	0.460753	1.119452
312	164.000000	151.000000	0.000000	0.880356	0.492946	1.281075
313	926.000000	468.000000	5.000000	0.090683	0.465462	0.349956
314	309.000000	875.000000	0.000000	0.292765	1.230419	0.691438
315	723.000000	736.000000	2.000000	0.183663	1.555973	0.483737
316	735.000000	910.000000	2.000000	1.070250	0.513588	0.044258
317	793.000000	72.000000	4.000000	1.188739	1.084942	1.381140
318	458.000000	906.000000	5.000000	0.890662	1.393748	0.599336
319	582.000000	813.000000	1.000000	1.203206	1.535823	1.068649
320	234.000000	749.000000	4.000000	0.984982	0.977611	0.850181
321	36.000000	311.000000	4.000000	1.736009	1.299303	0.350637
322	386.000000	475.000000	5.000000	0.054895	1.535090	1.376730
323	376.000000	393.000000	5.000000	0.417259	1.215603	0.966024
324	334.000000	702.000000	2.000000	0.067448	1.515010	1.484595
325	624.000000	485.000000	8.000000	1.795228	0.646475	0.906241
326	328.000000	212.000000	1.000000	0.069406	1.122041	0.167851
327	211.000000	66.000000	3.000000	0.293622	0.866790	0.912085
328	27.000000	456.000000	1.000000	1.587890	0.625927	1.299743
329	4.000000	98.000000	4.000000	1.104985	1.146927	0.993651
330	416.000000	264.000000	6.000000	1.531938	1.303033	0.542178
331	502.000000	233.000000	9.000000	1.311868	1.391909	1.304012
332	837.000000	619.000000	7.000000	0.837582	1.231604	0.794964
333	314.000000	927.000000	0.000000	1.763708	1.056045	0.301015
334	192.000000	253.000000	3.000000	0.552601	1.268970	0.308909
335	4.000000	809.000000	0.000000	0.774326	0.081645	0.753710
336	485.000000	198.000000	3.000000	0.729094	0.793353	0.323231
337	936.000000	341.000000	9.000000	1.171540	1.131373	0.263224
338	451.000000	368.000000	5.000000	1.961244	1.118313	0.382375
339	872.000000	304.000000	6.000000	0.543063	1.164211	0.834212
340	159.000000	652.000000	2.000000	2.304341	0.807848	0.292245
341	127.000000	215.000000	5.000000	1.972554	0.797348	0.571718
342	406.000000	44.000000	6.000000	0.778806	1.099952	1.548666
343	85.000000	358.000000	4.000000	0.942251	1.533979	0.738056
344	226.000000	550.000000	7.000000	0.343699	1.038317	0.887859
345	61.000000	487.000000	9.000000	0.600578	0.759635	0.035433
346	381.000000	32.000000	7.000000	0.882746	1.304639	0.337116
347	914.000000	900.000000	8.000000	2.207213	0.689819	0.665848
348	505.000000	411.000000	8.000000	0.364779	0.809855	1.297788
349	621.000000	275.000000	2.000000	2.143352	0.997920	0.681282
350	699.000000	434.000000	5.000000	0.528018	0.535729	1.090970
351	101.000000	561.000000	2.000000	0.131854	0.136505	0.783358
352	677.000000	900.000000	6.000000	2.740883	0.573290	0.341645
353	863.000000	45.000000	4.000000	0.681462	1.342340	0.503578
354	29.000000	203.000000	7.000000	0.648666	0.063862	1.118728
355	389.000000	264.000000	6.000000	1.723860	0.910034	1.097866
356	618.000000	646.000000	8.000000	1.476175	0.577613	0.123251
357	105.000000	552.000000	8.000000	0.570953	0.905835	0.839160
358	805.000000	118.000000	1.000000	0.935366	1.087881	0.349249
359	933.000000	671.000000	6.000000	0.277385	0.587514	0.686529
360	425.000000	430.000000	1.000000	1.116339	1.516428	0.170452
361	502.000000	463.000000	4.000000	1.723420	0.662147	0.402281
362	794.000000	132.000000	4.000000	2.008944	0.680551	0.696503
363	190.000000	928.000000	2.000000	0.910467	1.356240	1.221882
364	817.000000	17.000000	5.000000	0.755389	0.777848	1.448161
365	46.000000	338.000000	0.000000	2.281198	0.517860	0.524541
366	702.000000	16.000000	8.000000	1.005315	0.431838	1.558576
367	450.000000	53.000000	0.000000	0.687541	0.822996	1.128259
368	90.000000	858.000000	8.000000	0.221383	0.966165	0.787700
369	141.000000	783.000000	1.000000	1.595636	0.718271	0.749546
370	467.000000	269.000000	3.000000	0.703802	1.568913	1.390664
371	220.000000	703.000000	7.000000	0.547555	0.600238	1.140499
372	535.000000	558.000000	9.000000	2.554935	0.835404	0.311119
373	741.000000	680.000000	7.000000	1.971856	0.450007	0.455220
374	53.000000	489.000000	7.000000	1.458538	0.681507	0.441879
375	509.000000	535.000000	5.000000	1.417651	1.428585	0.404784
376	221.000000	297.000000	4.000000	1.318327	1.062597	0.999798
377	579.000000	679.000000	7.000000	1.518505	0.882924	0.728085
378	481.000000	769.000000	8.000000	1.168371	0.787259	0.655893
379	502.000000	842.000000	1.000000	1.137473	1.274258	1.308971
380	253.000000	302.000000	2.000000	0.654029	1.182253	0.578809
381	367.000000	522.000000	8.000000	1.102010	0.674720	0.998067
382	876.000000	49.000000	8.000000	0.967403	0.927531	0.799097
383	645.000000	791.000000	8.000000	2.414244	0.291957	0.701443
384	403.000000	776.000000	8.000000	0.076598	0.955388	0.427117
385	110.000000	277.000000	5.000000	0.742498	1.234698	0.587415
386	87.000000	430.000000	3.000000	0.575924	1.457193	1.403404
387	81.000000	1.000000	4.000000	1.706253	0.320032	0.567801
388	61.000000	483.000000	6.000000	1.579211	0.591668	1.454926
389	899.000000	917.000000	8.000000	0.870181	0.890647	1.201911
390	572.000000	230.000000	0.000000	1.452374	1.063663	1.380363
391	447.000000	529.000000	5.000000	0.699971	1.350852	1.171659
392	17.000000	465.000000	4.000000	1.906441	0.630629	0.309126
393	145.000000	103.000000	7.000000	0.398731	1.476402	0.475525
394	885.000000	506.000000	4.000000	0.357890	0.937347	1.285664
395	235.000000	548.000000	3.000000	1.688859	0.240969	0.938720
396	121.000000	635.000000	4.000000	0.023854	1.436577	1.421403
397	236.000000	649.000000	5.000000	0.085146	1.452206	1.298158
398	22.000000	710.000000	0.000000	0.850167	1.379948	0.781099
399	578.000000	601.000000	7.000000	1.599889	1.317582	1.223776
400	97.000000	233.000000	0.000000	1.346785	1.351552	0.042015
401	789.000000	612.000000	9.000000	2.384312	1.130300	0.039049
402	124.000000	629.000000	7.000000	1.007849	0.890743	0.509423
403	381.000000	706.000000	0.000000	2.370262	0.317364	0.127546
404	488.000000	652.000000	8.000000	1.464227	1.535474	0.371914
405	364.000000	887.000000	8.000000	0.798266	1.471272	0.660485
406	518.000000	0.000000	5.000000	0.735225	0.877574	0.353590
407	94.000000	168.000000	4.000000	2.327239	0.978472	0.264391
408	611.000000	191.000000	4.000000	1.571718	1.118569	0.876681
409	672.000000	769.000000	7.000000	1.410130	1.432264	0.593511
410	709.000000	798.000000	1.000000	0.762766	1.442637	0.568363
411	841.000000	648.000000	5.000000	0.320493	0.562626	0.440202
412	563.000000	704.000000	5.000000	0.780410	0.445511	0.478995
413	750.000000	145.000000	3.000000	0.279122	0.900124	0.107374
414	32.000000	566.000000	5.000000	2.142182	0.786281	0.406430
415	692.000000	930.000000	5.000000	0.328726	1.268978	0.259735
416	20.000000	440.000000	5.000000	0.888163	1.535532	0.420483
417	787.000000	466.000000	4.000000	0.741971	0.971253	0.695217
418	392.000000	138.000000	5.000000	1.136127	0.508519	1.437212
419	638.000000	810.000000	4.000000	1.034242	1.321237	1.012733
420	546.000000	511.000000	5.000000	1.406566	0.352239	1.138639
421	619.000000	345.000000	3.000000	1.813327	0.889479	1.196322
422	364.000000	908.000000	9.000000	1.795211	0.339222	1.316807
423	671.000000	650.000000	5.000000	1.814741	0.798317	0.168852
424	745.000000	614.000000	1.000000	1.049105	0.563923	0.428131
425	462.000000	366.000000	3.000000	1.490466	0.267124	0.097111
426	127.000000	318.000000	4.000000	0.639487	1.527231	0.179938
427	665.000000	165.000000	2.000000	0.959668	1.097055	1.517464
428	499.000000	557.000000	0.000000	0.289599	0.474628	0.142038
429	456.000000	188.000000	2.000000	0.306136	0.293198	0.343221
430	242.000000	666.000000	6.000000	0.397895	0.860655	0.773392
431	827.000000	345.000000	1.000000	2.328356	0.296474	0.555064
432	112.000000	641.000000	9.000000	0.142914	1.413357	1.442370
433	102.000000	305.000000	1.000000	1.578179	0.952828	0.412557
434	237.000000	42.000000	5.000000	0.142364	0.994340	1.005266
435	870.000000	504.000000	1.000000	2.434560	0.373514	0.301169
436	553.000000	564.000000	9.000000	0.215887	1.026309	0.911507
437	609.000000	289.000000	6.000000	1.099528	0.306026	0.953709
438	192.000000	720.000000	4.000000	0.498351	1.324735	1.543517
439	784.000000	168.000000	4.000000	1.931172	0.882358	0.186269
440	307.000000	342.000000	0.000000	1.470419	0.606886	0.150365
441	205.000000	230.000000	7.000000	0.637223	0.635380	0.746385
442	516.000000	274.000000	0.000000	0.658092	0.724020	0.241014
443	727.000000	376.000000	5.000000	1.117890	1.384577	0.541958
444	580.000000	545.000000	9.000000	1.311837	1.387652	0.151749
445	175.000000	407.000000	6.000000	1.556797	1.065766	0.232586
446	68.000000	893.000000	0.000000	1.011516	0.673669	1.285924
447	279.000000	562.000000	1.000000	1.638178	0.952211	0.387008
448	655.000000	686.000000	3.000000	0.849150	1.489731	0.971791
449	581.000000	463.000000	1.000000	1.694168	0.962427	0.643547
450	627.000000	702.000000	5.000000	0.857309	1.480442	0.636584
451	467.000000	907.000000	5.000000	1.714383	0.831176	1.004954
452	516.000000	415.000000	2.000000	1.224774	0.646069	1.219559
453	267.000000	134.000000	8.000000	2.034600	0.902400	0.802824
454	322.000000	714.000000	6.000000	1.311475	1.022278	0.091362
455	284.000000	821.000000	3.000000	0.956285	1.251214	1.038553
456	750.000000	821.000000	6.000000	0.602657	1.294601	1.095159
457	772.000000	160.000000	1.000000	1.074056	1.445759	0.041512
458	75.000000	747.000000	9.000000	0.243423	1.488021	0.909680
459	98.000000	321.000000	2.000000	0.414409	1.275005	1.303894
460	221.000000	8.000000	4.000000	1.656167	0.534891	0.436449
461	686.000000	476.000000	3.000000	0.933912	1.310926	0.054360
462	374.000000	52.000000	0.000000	0.425592	0.658565	1.080514
463	336.000000	251.000000	4.000000	0.638756	1.150512	1.170751
464	606.000000	506.000000	0.000000	2.917231	0.450328	0.063296
465	482.000000	790.000000	3.000000	1.397211	0.954091	0.052293
466	698.000000	600.000000	4.000000	1.791144	0.780047	0.440279
467	934.000000	364.000000	6.000000	1.968190	1.173619	0.131442
468	657.000000	439.000000	4.000000	1.929636	0.634371	0.887908
469	127.000000	537.000000	5.000000	0.675209	1.508308	0.734613
470	931.000000	690.000000	3.000000	3.075933	0.687712	0.040988
471	558.000000	368.000000	1.000000	0.182328	1.214061	1.322115
472	151.000000	742.000000	6.000000	1.497321	1.212592	0.518927
473	92.000000	70.000000	7.000000	2.120540	0.839620	0.741058
474	98.000000	677.000000	3.000000	1.854674	1.462469	0.286033
475	819.000000	151.000000	3.000000	2.085075	0.417289	0.240166
476	344.000000	849.000000	5.000000	1.630809	1.440455	0.990281
477	759.000000	776.000000	9.000000	1.104874	1.277471	0.813018
478	325.000000	493.000000	8.000000	2.252522	1.364142	0.091806
479	639.000000	552.000000	7.000000	0.971733	1.306250	1.188122
480	266.000000	544.000000	9.000000	1.043600	1.453137	1.410559
481	842.000000	94.000000	8.000000	0.000774	0.748945	0.788173
482	13.000000	245.000000	2.000000	0.508657	1.411018	1.469810
483	109.000000	269.000000	3.000000	1.679145	1.168809	0.171548
484	457.000000	300.000000	2.000000	1.768891	1.218458	0.932515
485	302.000000	111.000000	3.000000	1.051744	0.870338	1.151708
486	66.000000	455.000000	5.000000	0.547766	1.008902	0.404705
487	293.000000	274.000000	1.000000	1.729251	0.478714	1.283035
488	885.000000	600.000000	6.000000	2.588568	0.781021	0.385491
489	103.000000	231.000000	9.000000	1.303080	1.508319	0.935284
490	663.000000	430.000000	5.000000	0.196428	1.015015	0.780539
491	904.000000	332.000000	9.000000	0.596358	1.110167	0.652860
492	642.000000	345.000000	6.000000	0.235558	1.192123	1.351651
493	47.000000	387.000000	8.000000	0.127043	0.355745	0.508462
494	462.000000	776.000000	8.000000	1.019744	1.530579	1.019644
495	614.000000	138.000000	9.000000	1.328374	0.864764	0.305564
496	849.000000	136.000000	4.000000	0.302619	0.858315	1.124397
497	54.000000	430.000000	1.000000	1.783011	1.133858	0.671693
498	35.000000	375.000000	3.000000	1.341680	1.233045	1.252963
499	374.000000	410.000000	4.000000	1.051910	0.652523	0.336063
500	325.000000	65.000000	4.000000	1.181885	1.134377	1.189721
501	752.000000	30.000000	8.000000	1.234204	1.042686	0.793889
502	333.000000	604.000000	4.000000	0.449899	1.234868	0.332281
503	159.000000	651.000000	3.000000	0.228130	0.660293	1.366146
504	119.000000	173.000000	9.000000	0.464015	0.632694	1.287091
505	447.000000	719.000000	7.000000	1.236817	1.283871	0.235677
506	818.000000	629.000000	6.000000	1.021923	0.681312	1.036059
507	705.000000	683.000000	6.000000	0.832178	1.251733	0.924866
508	866.000000	651.000000	3.000000	0.839619	0.359903	0.321336
509	619.000000	17.000000	5.000000	1.929985	1.400709	0.375663
510	535.000000	342.000000	3.000000	0.117159	0.408833	1.277825
511	882.000000	154.000000	5.000000	1.681410	1.245285	1.104474
512	620.000000	487.000000	9.000000	1.534085	0.874497	0.588031
513	636.000000	578.000000	3.000000	1.805072	0.948538	0.700390
514	99.000000	630.000000	8.000000	0.382334	1.315371	0.407040
515	338.000000	69.000000	0.000000	0.817641	0.453018	0.388533
516	648.000000	888.000000	9.000000	1.632365	1.029524	1.397962
517	154.000000	585.000000	4.000000	1.528058	0.838489	0.481967
518	22.000000	511.000000	7.000000	1.836017	1.277621	0.382807
519	197.000000	122.000000	4.000000	1.038675	1.514745	0.147428
520	714.000000	589.000000	8.000000	0.276602	1.389492	0.635336
521	357.000000	531.000000	2.000000	1.065900	0.943649	1.373482
522	834.000000	144.000000	1.000000	1.988139	1.163519	0.142082
523	104.000000	780.000000	2.000000	1.890977	0.151742	0.009698
524	829.000000	880.000000	2.000000	1.090972	0.542972	0.687737
525	719.000000	210.000000	1.000000	0.481220	1.222839	0.381660
526	389.000000	858.000000	1.000000	1.523313	1.163707	0.666126
527	620.000000	4.000000	6.000000	0.709162	0.908330	1.006786
528	595.000000	26.000000	9.000000	0.068688	0.991827	0.431569
529	144.000000	155.000000	1.000000	1.248158	0.332962	0.935116
530	719.000000	870.000000	1.000000	1.328667	0.887051	1.433495
531	627.000000	219.000000	4.000000	1.764563	1.006064	0.311081
532	622.000000	114.000000	8.000000	0.000663	1.228961	0.164351
533	95.000000	150.000000	1.000000	0.197660	0.278930	0.881760
534	147.000000	39.000000	3.000000	1.425559	0.617080	0.025474
535	761.000000	690.000000	3.000000	0.986266	0.851578	0.805960
536	573.000000	140.000000	4.000000	1.303822	0.744957	0.660188
537	196.000000	760.000000	8.000000	0.992813	1.299899	0.422827
538	473.000000	347.000000	7.000000	1.796712	1.034780	0.877949
539	252.000000	492.000000	4.000000	0.419547	1.329381	1.423676
540	86.000000	203.000000	4.000000	1.890436	0.424452	0.482327
541	509.000000	830.000000	4.000000	1.260243	1.147489	1.269882
542	455.000000	444.000000	8.000000	1.709841	0.619281	0.536343
543	614.000000	540.000000	0.000000	0.302731	1.092316	0.865900
544	545.000000	687.000000	1.000000	0.952417	1.405685	0.532156
545	348.000000	441.000000	1.000000	1.490874	0.177743	1.445920
546	293.000000	74.000000	1.000000	0.471605	0.638700	1.259187
547	157.000000	202.000000	4.000000	1.645243	1.082947	0.127476
548	898.000000	675.000000	3.000000	0.963834	0.840212	1.457401
549	657.000000	860.000000	5.000000	1.259815	1.373061	0.119564
550	571.000000	878.000000	8.000000	1.454554	1.202750	1.437764
551	348.000000	447.000000	1.000000	0.823000	0.983083	0.000734
552	344.000000	902.000000	5.000000	1.809854	1.312250	0.057306
553	454.000000	508.000000	5.000000	0.844574	1.236171	0.101043
554	714.000000	45.000000	5.000000	0.052828	0.874248	0.889343
555	5.000000	393.000000	6.000000	1.724221	0.205266	0.051827
556	926.000000	619.000000	2.000000	2.677091	0.542281	0.011392
557	40.000000	708.000000	4.000000	1.393155	1.272366	0.484098
558	786.000000	666.000000	2.000000	0.944077	1.449552	1.446995
559	939.000000	315.000000	2.000000	1.479430	1.225350	0.436845
560	645.000000	819.000000	0.000000	1.034586	1.069752	0.225701
561	485.000000	227.000000	9.000000	0.974475	0.716568	0.649777
562	148.000000	571.000000	3.000000	1.693282	1.092866	0.088314
563	324.000000	85.000000	2.000000	0.186792	0.434681	0.008386
564	31.000000	799.000000	7.000000	1.200017	1.237847	0.629612
565	358.000000	736.000000	3.000000	1.893770	0.916725	0.808632
566	186.000000	722.000000	2.000000	0.252671	1.482357	1.031317
567	88.000000	762.000000	0.000000	0.043963	1.511865	0.666229
568	125.000000	608.000000	9.000000	0.395081	0.214218	1.535745
569	769.000000	540.000000	4.000000	0.319523	0.687145	1.344671
570	461.000000	177.000000	5.000000	2.109981	0.587928	0.764805
571	23.000000	662.000000	4.000000	0.066183	1.261630	0.926370
572	904.000000	743.000000	5.000000	1.172519	1.210751	0.721784
573	807.000000	59.000000	2.000000	0.498265	1.171791	1.394605
574	279.000000	22.000000	3.000000	1.692540	0.896727	1.147105
575	669.000000	381.000000	9.000000	1.411258	1.343821	1.108911
576	512.000000	567.000000	2.000000	1.325066	1.483025	1.243149
577	34.000000	588.000000	6.000000	0.702853	1.522749	0.552892
578	196.000000	645.000000	7.000000	2.128604	0.625060	0.489945
579	85.000000	474.000000	7.000000	0.577648	0.723167	0.484315
580	222.000000	867.000000	4.000000	1.373239	0.249214	0.428773
581	237.000000	890.000000	8.000000	1.088057	0.647842	0.824103
582	412.000000	854.000000	1.000000	1.281320	1.479172	1.489851
583	149.000000	653.000000	2.000000	0.845696	0.876408	1.501966
584	844.000000	933.000000	5.000000	1.110680	0.746060	0.907803
585	457.000000	662.000000	6.000000	1.579345	0.651381	0.070398
586	807.000000	166.000000	5.000000	1.604841	0.844923	0.075309
587	871.000000	200.000000	5.000000	0.084465	1.401560	1.266186
588	689.000000	396.000000	0.000000	1.974247	1.371309	0.302286
589	108.000000	414.000000	4.000000	0.461400	0.798088	0.699750
590	135.000000	636.000000	1.000000	0.727895	0.893092	0.006941
591	271.000000	805.000000	3.000000	0.465256	1.503304	0.980711
592	62.000000	277.000000	9.000000	1.823677	1.130750	0.210539
593	595.000000	359.000000	3.000000	2.148221	1.086265	0.533502
594	248.000000	263.000000	8.000000	1.157373	1.499142	1.387676
595	863.000000	720.000000	2.000000	1.006282	0.793671	1.558392
596	851.000000	519.000000	8.000000	0.937134	0.290198	1.312763
597	466.000000	382.000000	8.000000	2.631852	0.760831	0.099074
598	602.000000	132.000000	6.000000	1.306349	0.783677	1.264645
599	374.000000	240.000000	0.000000	1.500648	0.174317	1.507738
600	689.000000	308.000000	8.000000	1.437615	1.441727	0.100696
601	862.000000	511.000000	4.000000	0.705303	1.529415	0.413950
602	46.000000	573.000000	1.000000	0.575833	1.251089	0.866298
603	15.000000	229.000000	2.000000	0.851770	1.399360	0.519410
604	570.000000	409.000000	5.000000	0.624362	1.337598	0.151603
605	178.000000	332.000000	8.000000	0.714649	1.555003	0.220179
606	380.000000	175.000000	7.000000	1.865792	0.897939	0.731345
607	748.000000	641.000000	0.000000	1.574842	1.530221	0.166026
608	308.000000	235.000000	4.000000	1.188077	1.059671	0.078725
609	197.000000	610.000000	6.000000	0.423084	1.486462	0.087105
610	567.000000	291.000000	4.000000	1.297689	0.616948	0.178472
611	566.000000	213.000000	6.000000	1.469911	0.685838	1.479692
612	430.000000	191.000000	1.000000	2.245733	0.987745	0.573964
613	503.000000	139.000000	0.000000	1.592611	0.383058	0.030306
614	936.000000	709.000000	9.000000	1.418618	0.500714	1.113871
615	623.000000	888.000000	3.000000	0.610569	0.654364	0.724751
616	91.000000	260.000000	8.000000	1.658553	1.258220	0.976297
617	79.000000	69.000000	2.000000	0.973189	1.465352	1.380196
618	381.000000	309.000000	9.000000	2.181871	0.794598	0.413097
619	815.000000	506.000000	9.000000	0.543562	0.399558	0.606779
620	413.000000	66.000000	2.000000	1.048445	1.168411	0.779717
621	388.000000	632.000000	6.000000	1.837395	0.948367	0.412301
622	806.000000	54.000000	9.000000	1.970163	1.022889	0.868247
623	857.000000	489.000000	8.000000	1.860713	1.450021	0.313868
624	130.000000	485.000000	8.000000	2.937023	1.042565	0.025770
625	751.000000	101.000000	8.000000	1.046890	0.486551	0.851384
626	765.000000	192.000000	8.000000	1.135595	0.195484	0.520792
627	885.000000	271.000000	9.000000	0.577002	0.426269	0.839187
628	707.000000	584.000000	9.000000	1.553074	1.146774	0.635647
629	697.000000	459.000000	5.000000	2.763485	0.144753	0.276057
630	288.000000	805.000000	1.000000	1.307917	0.480746	1.318383
631	171.000000	253.000000	5.000000	1.329712	0.361475	1.045023
632	199.000000	51.000000	1.000000	1.080818	0.127251	0.618990
633	418.000000	840.000000	1.000000	1.136902	1.276461	1.133385
634	777.000000	30.000000	8.000000	0.102176	1.316291	1.300429
635	837.000000	782.000000	9.000000	1.820850	1.028133	0.542736
636	845.000000	539.000000	2.000000	1.037806	0.795689	1.225907
637	173.000000	484.000000	5.000000	0.263410	1.256625	1.526236
638	375.000000	184.000000	0.000000	1.638204	1.321944	1.287432
639	14.000000	813.000000	1.000000	2.165657	1.077191	0.029195
640	91.000000	161.000000	6.000000	0.740540	1.139922	0.782318
641	303.000000	264.000000	1.000000	1.666053	0.488874	0.121568
642	70.000000	395.000000	2.000000	0.684015	0.895909	0.729462
643	832.000000	746.000000	5.000000	1.537911	1.130328	0.782098
644	203.000000	515.000000	7.000000	0.354548	0.706268	0.668870
645	931.000000	412.000000	9.000000	1.419742	1.102575	0.216005
646	753.000000	249.000000	0.000000	1.786676	0.799160	0.357370
647	835.000000	422.000000	7.000000	1.655729	0.108080	0.275155
648	180.000000	797.000000	1.000000	1.795106	0.630769	0.890676
649	42.000000	743.000000	4.000000	0.892401	1.122474	0.079103
650	364.000000	835.000000	7.000000	0.922323	1.318336	0.731534
651	550.000000	130.000000	4.000000	0.711030	0.791233	1.552109
652	922.000000	200.000000	9.000000	2.074778	0.691150	0.671304
653	336.000000	92.000000	7.000000	1.287597	1.235122	0.973918
654	591.000000	295.000000	2.000000	1.408936	0.840746	0.887828
655	741.000000	219.000000	6.000000	0.179544	0.775502	0.146141
656	800.000000	32.000000	5.000000	1.586319	0.381976	0.304349
657	323.000000	799.000000	0.000000	1.937333	0.768774	1.020045
658	330.000000	39.000000	9.000000	1.303187	1.127053	0.893874
659	453.000000	82.000000	3.000000	0.149978	0.397907	1.179310
660	449.000000	378.000000	8.000000	0.371017	0.756216	1.084518
661	538.000000	928.000000	8.000000	0.165165	0.860767	1.054336
662	892.000000	842.000000	0.000000	0.607184	0.964038	0.138411
663	634.000000	171.000000	3.000000	1.462345	1.488347	1.249795
664	181.000000	694.000000	0.000000	0.000304	1.245507	1.066841
665	176.000000	495.000000	9.000000	1.512754	1.152380	0.160915
666	582.000000	288.000000	3.000000	1.107574	1.122013	1.180916
667	298.000000	543.000000	2.000000	0.197227	0.328138	0.341414
668	368.000000	805.000000	2.000000	1.423374	1.179171	0.243156
669	227.000000	318.000000	6.000000	1.355283	1.464572	1.319486
670	830.000000	699.000000	6.000000	1.894188	0.853342	0.529022
671	320.000000	297.000000	6.000000	0.848396	0.544639	1.272223
672	880.000000	182.000000	1.000000	2.115985	0.480261	0.303523
673	701.000000	816.000000	2.000000	1.023287	1.002578	0.373741
674	614.000000	929.000000	8.000000	1.242734	0.625399	0.669548
675	754.000000	165.000000	6.000000	1.589929	0.863922	0.218952
676	106.000000	748.000000	4.000000	1.816992	0.391319	0.189911
677	429.000000	106.000000	7.000000	1.364835	0.908208	0.115037
678	612.000000	406.000000	4.000000	1.814479	0.785620	0.051618
679	766.000000	633.000000	4.000000	0.990822	1.456723	1.267102
680	934.000000	456.000000	3.000000	2.322737	0.387421	0.473894
681	472.000000	776.000000	0.000000	1.404737	0.529840	1.185396
682	938.000000	717.000000	4.000000	0.283801	0.589738	0.957184
683	299.000000	410.000000	0.000000	0.679530	1.258403	1.534605
684	771.000000	16.000000	0.000000	0.548676	0.415315	0.955576
685	862.000000	702.000000	7.000000	0.221388	0.696083	1.300330
686	508.000000	808.000000	5.000000	0.933589	0.924101	0.037428
687	374.000000	230.000000	3.000000	0.439996	0.454325	1.054299
688	783.000000	774.000000	9.000000	0.006339	1.058617	1.016258
689	117.000000	532.000000	5.000000	0.857112	1.118576	1.059710
690	641.000000	458.000000	1.000000	2.201105	0.700617	0.767493
691	924.000000	930.000000	9.000000	0.508591	0.678607	0.447707
692	496.000000	928.000000	8.000000	0.404862	1.282424	0.491982
693	251.000000	288.000000	8.000000	2.935679	0.291234	0.011121
694	753.000000	51.000000	4.000000	0.908238	0.702774	0.375693
695	305.000000	913.000000	7.000000	1.039797	1.048843	0.127674
696	23.000000	413.000000	7.000000	0.839161	1.550091	0.567810
697	420.000000	787.000000	7.000000	1.425545	1.463563	0.078540
698	856.000000	630.000000	3.000000	0.607265	1.294411	0.076239
699	757.000000	747.000000	5.000000	0.889708	0.962383	1.475290
700	352.000000	380.000000	3.000000	0.251848	1.317832	1.545925
701	335.000000	296.000000	3.000000	0.583781	1.160508	0.352560
702	155.000000	793.000000	4.000000	0.667037	0.519028	0.221814
703	623.000000	36.000000	2.000000	1.903282	0.431920	0.796312
704	494.000000	721.000000	5.000000	0.358440	0.476883	0.460854
705	448.000000	87.000000	1.000000	1.623668	0.374394	0.828171
706	97.000000	42.000000	4.000000	1.369083	1.374087	0.405061
707	555.000000	394.000000	2.000000	1.462729	0.801551	1.087269
708	234.000000	242.000000	4.000000	1.929112	1.045201	0.165272
709	688.000000	60.000000	4.000000	2.083068	0.994316	0.716606
710	733.000000	344.000000	4.000000	1.047938	0.806253	0.668035
711	229.000000	680.000000	1.000000	1.645776	0.926648	0.243917
712	654.000000	767.000000	6.000000	0.647358	0.977014	1.252487
713	128.000000	450.000000	4.000000	0.227432	1.549774	0.863559
714	762.000000	4.000000	5.000000	2.086157	0.852007	0.396221
715	508.000000	385.000000	4.000000	0.636553	1.496098	1.171585
716	159.000000	482.000000	8.000000	2.545580	1.281185	0.041830
717	155.000000	29.000000	5.000000	2.454177	0.520890	0.082668
718	67.000000	264.000000	7.000000	1.361163	0.553906	0.583209
719	474.000000	884.000000	7.000000	1.265303	0.739473	0.608170
720	688.000000	609.000000	4.000000	0.149545	1.225937	0.119636
721	274.000000	838.000000	4.000000	1.542283	1.163386	0.959769
722	157.000000	553.000000	1.000000	0.174879	0.198334	1.348422
723	765.000000	613.000000	3.000000	0.232298	1.033039	0.855021
724	469.000000	436.000000	0.000000	1.725949	0.634558	0.849063
725	827.000000	4.000000	5.000000	1.815247	1.385819	0.283462
726	331.000000	95.000000	9.000000	0.541487	1.039652	1.215573
727	682.000000	250.000000	1.000000	0.041799	1.198430	1.085616
728	487.000000	250.000000	5.000000	0.397733	0.982514	0.249839
729	534.000000	724.000000	9.000000	2.036974	1.085078	0.230392
730	574.000000	404.000000	0.000000	0.052698	0.917205	1.221840
731	18.000000	610.000000	9.000000	0.501623	0.852021	0.371602
732	142.000000	768.000000	4.000000	1.326270	1.097095	0.580018
733	25.000000	593.000000	7.000000	0.349902	1.370234	0.530557
734	358.000000	55.000000	3.000000	0.197371	0.560650	0.959671
735	560.000000	882.000000	9.000000	0.235621	1.004156	0.589954
736	207.000000	205.000000	6.000000	2.323557	0.666815	0.134490
737	337.000000	887.000000	7.000000	0.775546	1.166465	0.990275
738	428.000000	434.000000	7.000000	2.296487	0.643979	0.363048
739	715.000000	901.000000	3.000000	1.500624	1.039539	1.018419
740	6.000000	535.000000	9.000000	0.327303	1.263765	0.056397
741	846.000000	553.000000	1.000000	2.717897	0.633945	0.069664
742	645.000000	627.000000	1.000000	1.601153	1.287683	0.600114
743	861.000000	584.000000	7.000000	1.140035	1.066183	1.243551
744	819.000000	874.000000	2.000000	0.788927	1.547226	0.411234
745	204.000000	495.000000	6.000000	1.053437	1.385496	1.042946
746	466.000000	702.000000	1.000000	0.200146	0.614016	0.757946
747	822.000000	31.000000	1.000000	1.464373	0.744760	1.484741
748	421.000000	459.000000	5.000000	0.380621	0.778509	0.984819
749	338.000000	166.000000	8.000000	1.962989	0.946262	0.436388
750	843.000000	172.000000	5.000000	2.436637	0.425078	0.522449
751	744.000000	11.000000	0.000000	1.778944	0.691791	0.529844
752	316.000000	588.000000	7.000000	0.831768	0.323343	0.242480
753	587.000000	510.000000	3.000000	0.717578	0.647529	1.456668
754	444.000000	321.000000	8.000000	1.702380	0.876525	1.128090
755	288.000000	457.000000	5.000000	2.114309	1.042236	0.396909
756	74.000000	923.000000	7.000000	0.983814	1.475545	0.102337
757	66.000000	738.000000	9.000000	1.321302	0.982067	0.277228
758	877.000000	219.000000	0.000000	0.679457	1.288992	1.021051
759	174.000000	490.000000	9.000000	1.287856	1.211021	1.496470
760	305.000000	393.000000	1.000000	1.826173	1.266158	0.278771
761	30.000000	130.000000	2.000000	1.334910	0.656785	1.172217
762	241.000000	446.000000	3.000000	0.182120	1.328002	0.217065
763	70.000000	25.000000	3.000000	0.476433	1.353730	0.261719
764	484.000000	402.000000	4.000000	0.880723	0.550728	1.126661
765	832.000000	622.000000	1.000000	0.353450	1.138175	0.279778
766	599.000000	697.000000	7.000000	2.827259	0.432529	0.262859
767	196.000000	695.000000	5.000000	0.549517	1.166859	1.088632
768	697.000000	564.000000	4.000000	2.021231	1.092763	0.246612
769	650.000000	670.000000	4.000000	1.154687	1.395111	0.175856
770	769.000000	35.000000	0.000000	1.578860	1.531369	0.565394
771	52.000000	66.000000	0.000000	1.406500	1.440897	1.177155
772	287.000000	239.000000	8.000000	0.742494	1.560115	0.550700
773	170.000000	309.000000	5.000000	0.105547	1.323440	0.036182
774	495.000000	793.000000	9.000000	1.540428	0.445412	1.084506
775	201.000000	617.000000	2.000000	1.667114	1.078308	0.080992
776	432.000000	276.000000	9.000000	0.560935	0.968206	1.319535
777	511.000000	405.000000	6.000000	2.101202	0.262152	0.389894
778	456.000000	94.000000	0.000000	2.089857	0.494808	0.985252
779	553.000000	744.000000	2.000000	1.794111	0.973571	0.269879
780	267.000000	505.000000	8.000000	0.200681	1.024262	1.110106
781	307.000000	490.000000	6.000000	0.158666	0.455128	0.277375
782	409.000000	777.000000	5.000000	2.341359	1.105209	0.230356
783	889.000000	879.000000	6.000000	1.520819	1.135532	1.026315
784	455.000000	434.000000	0.000000	0.964472	1.459392	1.272277
785	354.000000	635.000000	9.000000	2.006431	1.071203	0.017828
786	876.000000	59.000000	8.000000	1.259836	0.981580	0.340208
787	147.000000	571.000000	5.000000	1.122618	1.052507	1.106643
788	113.000000	19.000000	9.000000	0.162460	0.466139	0.108807
789	575.000000	572.000000	6.000000	0.411147	1.567644	1.208312
790	768.000000	772.000000	3.000000	0.201601	1.294127	1.513899
791	928.000000	71.000000	3.000000	2.253971	0.330305	0.741828
792	214.000000	481.000000	0.000000	1.233752	1.301091	0.845385
793	611.000000	430.000000	9.000000	0.585434	0.779241	1.192952
794	377.000000	817.000000	5.000000	2.438958	0.540185	0.498066
795	869.000000	164.000000	0.000000	0.807548	1.489911	0.325907
796	31.000000	32.000000	0.000000	1.291362	1.419230	0.700301
797	409.000000	180.000000	3.000000	1.258897	0.751930	0.699537
798	184.000000	225.000000	2.000000	1.768594	0.907786	0.923454
799	53.000000	801.000000	5.000000	1.815369	0.906308	0.833173
