3.000000        0.000000
2.750000        0.000000
2.500000        0.000000
2.193800        35.804900
1.312180        32.380580
0.579080        28.846870
0.212300        26.915840
-0.271390       24.662510
-0.540540       22.633740
-0.750390       19.872050
-0.868810       16.197540
-0.980820       8.195590
-1.160670       -8.506000
-1.470470       -27.951820
-1.699150       -32.119960
-2.193800       -35.304900
-2.500000       0.000000
-2.750000       0.000000
-3.000000       0.000000
-2.750000       0.000000
-2.500000       0.000000
-2.193800       -35.304900
-1.312180       -31.880580
-0.579080       -28.346870
-0.212300       -26.415840
0.271390        -24.162510
0.540540        -22.133740
0.750390        -19.372050
0.868810        -15.697540
0.980820        -7.695590
1.160670        9.006000
1.470470        28.451820
1.699150        32.619960
2.193800        35.804900
2.500000        0.000000
2.750000        0.000000
3.000000        0.000000
