0.00375		-9.3187
0.00347		-9.31417
0.00124		-9.31529
8.36E-04	-9.31683
0.00198		-9.31167
0.00342		-9.31363
1.21E-04	-9.31224
0.00241		-9.30896
0.00313		-9.31092
-0.00117	-9.32062
-0.00105	-9.30542
0.00301		-9.29587
0.00167		-9.31142
5.46E-04	-9.30752
0.00213		-9.29504
0.00165		-9.2995
0.00155		-9.30669
-0.0018		-9.30216
0.00109		-9.30119
0.00255		-9.3023
-0.00167	-9.29986
5.42E-04	-9.29617
-0.00165	-9.30084
0.00181		-9.30301
-0.0025		-9.3058
9.79E-04	-9.30818
-8.01E-04	-9.30427
0.00227		-9.30309
8.12E-04	-9.30588
-0.00239	-9.307
-3.36E-04	-9.30393
-7.69E-04	-9.30338
-6.94E-04	-9.30135
8.28E-04	-9.29703
0.0015		-9.29627
0.00152		-9.30596
9.68E-05	-9.29285
0.00554		-9.27954
0.00225		-9.29405
-0.00335	-9.2891
0.00181		-9.27703
0.0021		-9.28966
-0.00145	-9.28555
0.00168		-9.28018
2.52E-04	-9.29113
-9.32E-04	-9.29183
8.16E-04	-9.28877
3.47E-04	-9.29302
-0.00167	-9.29707
-4.83E-04	-9.29609
-0.00134	-9.29428
-0.00326	-9.29707
-6.58E-04	-9.29651
6.57E-04	-9.29261
9.67E-04	-9.29247
7.96E-04	-9.29276
-0.00235	-9.29325
-0.00183	-9.29352
-0.00196	-9.29192
-0.00109	-9.29074
-0.00178	-9.29081
0.00125		-9.28983
-7.01E-05	-9.28718
0.00184		-9.29165
-0.00222	-9.29633
0.0011		-9.29598
0.0014		-9.29417
0.00112		-9.29341
1.05E-04	-9.29662
0.0013		-9.29753
-8.88E-04	-9.29802
-2.23E-05	-9.29893
-9.32E-04	-9.29712
-2.63E-05	-9.29657
-3.72E-04	-9.29873
-2.63E-05	-9.29901
0.0031		-9.29678
-2.01E-04	-9.30062
5.22E-04	-9.30299
-0.00121	-9.30495
-6.50E-04	-9.30502
-0.00296	-9.30362
8.08E-04	-9.30098
-0.00238	-9.30105
-4.87E-04	-9.30342
-2.01E-04	-9.29973
7.05E-04	-9.29854
-0.0012		-9.30238
0.00244		-9.30267
-0.00178	-9.2996
0.00198		-9.30114
4.07E-04	-9.30393
-9.12E-04	-9.30107
0.00112		-9.29885
4.19E-04	-9.2985
9.59E-04	-9.2992
0.0011		-9.30158
-3.72E-04	-9.30604
-0.00121	-9.30569
-0.00194	-9.30451
4.62E-04	-9.29809
0.01781		-9.28184
0.03139		-9.25785
0.04367		-9.22235
0.06187		-9.18184
0.07532		-9.13378
0.09136		-9.08469
0.10597		-9.03978
0.1199		-8.98984
0.13536		-8.94158
0.15054		-8.8883
0.16701		-8.83669
0.17608		-8.78801
0.1943		-8.73619
0.21003		-8.68563
0.22348		-8.63318
0.23967		-8.57843
0.2548		-8.52996
0.26841		-8.4794
0.28383		-8.42591
0.29942		-8.372
0.31693		-8.31704
0.32832		-8.26669
0.34148		-8.21696
0.36026		-8.16368
0.37412		-8.11166
0.3884		-8.05963
0.40411		-7.98563
0.42261		-7.95327
0.42931		-7.90606
0.44702		-7.8308
0.46538		-7.7815
0.47794		-7.72675
0.48934		-7.66698
0.50756		-7.6137
0.52226		-7.55979
0.53889		-7.50483
0.55365		-7.44025
0.5708		-7.39764
0.58036		-7.3226
0.5991		-7.26241
0.61454		-7.21269
0.62597		-7.14685
0.64317		-7.07955
0.65683		-7.02271
0.67187		-6.95938
0.68734		-6.88622
0.70348		-6.82813
0.71762		-6.76229
0.73176		-6.6885
0.75068		-6.6235
0.76112		-6.55891
0.77754		-6.46546
0.79635		-6.38707
0.80837		-6.33316
0.8208		-6.24619
0.83993		-6.15273
0.8557		-6.09004
0.86466		-6.00746
0.88227		-5.90605
0.90132		-5.82411
0.91113		-5.73839
0.92601		-5.6397
0.94407		-5.54918
0.95518		-5.45363
0.97266		-5.34636
0.98987		-5.24203
1.00096		-5.13811
1.01541		-5.02645
1.03002		-4.91291
1.04516		-4.80062
1.05858		-4.67431
1.07305		-4.54466
1.09006		-4.41437
1.10368		-4.27426
1.11823		-4.1308
1.13228		-3.98252
1.14826		-3.82504
1.16372		-3.65689
1.17701		-3.48476
1.19131		-3.30551
1.20383		-3.11685
1.22121		-2.91815
1.2311		-2.71359
1.24485		-2.49229
1.26306		-2.25613
1.27693		-2.0091
1.2911		-1.75599
1.30881		-1.47736
1.31963		-1.19455
1.33541		-0.8998
1.34741		-0.58895
1.36226		-0.27036
1.37947		0.05849
1.39229		0.40261
1.40748		0.75426
1.42258		1.11408
1.43484		1.48017
1.45016		1.85149
1.46723		2.2316
1.48138		2.60815
1.49567		2.98534
1.50924		3.36566
1.52716		3.74158
1.53999		4.12085
1.55585		4.49532
1.57046		4.86329
1.58518		5.22939
1.60223		5.59108
1.61653		5.94922
1.6307		6.30234
1.64804		6.65776
1.6632		7.00377
1.67619		7.34475
1.69237		7.68008
1.70637		8.01375
1.72387		8.34719
1.73975		8.6752
1.75363		8.99714
1.76629		9.31532
1.78715		9.62575
1.79865		9.93242
1.81343		10.23135
1.83019		10.52944
1.84648		10.81999
1.8618		11.10364
1.8803		11.38018
1.89028		11.64981
1.90729		11.91254
1.92218		12.17024
1.93691		12.4202
1.95164		12.66159
1.96898		12.89398
1.98455		13.11946
1.99983		13.33741
2.01502		13.54846
2.03322		13.75595
2.04509		13.95088
2.06154		14.14017
2.07541		14.32004
2.09346		14.49488
2.10618		14.66157
2.12117		14.82178
2.13852		14.97298
2.15367		15.10703
2.16612		15.2553
2.18546		15.40462
2.20147		15.5234
2.2155		15.63757
2.22769		15.76262
2.24626		15.87742
2.2581		15.97778
2.27585		16.07709
2.29144		16.17452
2.30606		16.26902
2.32397		16.3608
2.33726		16.44798
2.35052		16.527
2.36296		16.6033
2.38142		16.68378
2.39846		16.75736
2.4109		16.82885
2.42651		16.90138
2.44031		16.96868
2.45619		17.03703
2.47171		17.10873
2.48587		17.17331
2.49985		17.23559
2.51744		17.30624
2.5297		17.37396
2.54734		17.43331
2.55909		17.49245
2.57567		17.56582
2.59414		17.61554
2.60543		17.6705
2.62014		17.74826
2.63946		17.79799
2.64775		17.84625
2.66503		17.92109
2.68353		17.97667
2.69467		18.03267
2.70992		18.09935
2.72527		18.15138
2.74043		18.20801
2.75849		18.26903
2.77426		18.32357
2.78567		18.3779
2.79937		18.43369
2.81468		18.49367
2.83156		18.55093
2.84806		18.61007
2.86292		18.66858
2.87634		18.72521
2.89004		18.78414
2.90697		18.84412
2.92099		18.90724
2.93598		18.96826
2.95374		19.032
2.96569		19.09533
2.98235		19.15468
2.98963		19.21487
2.97952		19.25225
2.96479		19.2597
2.95049		19.24582
2.93719		19.22524
2.9181		19.19463
2.90749		19.16044
2.89101		19.12689
2.87514		19.08288
2.85835		19.03866
2.84796		18.99904
2.82947		18.95001
2.81636		18.90328
2.79944		18.85885
2.7883		18.81337
2.7717		18.76622
2.75408		18.71928
2.73993		18.67338
2.7251		18.62665
2.71424		18.57803
2.69515		18.52775
2.6819		18.4808
2.66657		18.43491
2.65373		18.38671
2.63667		18.33893
2.62235		18.2922
2.60661		18.2438
2.59348		18.19455
2.57627		18.14406
2.56273		18.09607
2.54582		18.04537
2.53213		17.99759
2.51555		17.94981
2.50267		17.90098
2.48418		17.85446
2.47106		17.80836
2.4595		17.75597
2.44346		17.70798
2.42609		17.65519
2.41354		17.60699
2.39697		17.55607
2.38368		17.5062
2.36807		17.45445
2.35218		17.40458
2.34019		17.35826
2.32143		17.30902
2.30886		17.2604
2.2933		17.212
2.27885		17.16338
2.26481		17.11497
2.24791		17.06238
2.2335		17.0123
2.22006		16.96368
2.20198		16.91611
2.18918		16.86729
2.1708		16.81533
2.15766		16.76671
2.14063		16.72123
2.1285		16.67387
2.11043		16.62714
2.09587		16.57351
2.0801		16.51757
2.06639		16.48402
2.05714		16.43101
2.03117		16.35687
2.0212		16.32604
2.00759		16.27512
1.99219		16.21333
1.976		16.17371
1.96231		16.12593
1.94814		16.07103
1.93342		16.01698
1.91478		15.9648
1.9009		15.91305
1.88471		15.86632
1.87058		15.8198
1.85714		15.767
1.84443		15.71232
1.8264		15.66433
1.81193		15.61278
1.79721		15.56354
1.78206		15.5143
1.7656		15.46317
1.7536		15.40953
1.73598		15.35443
1.72195		15.31
1.70653		15.25009
1.68891		15.20733
1.67904		15.16688
1.66365		15.09441
1.64531		15.04349
1.6298		15.01371
1.62056		14.95066
1.60184		14.89054
1.58605		14.85929
1.5745		14.80796
1.55633		14.74679
1.54148		14.70382
1.52845		14.65353
1.51228		14.59613
1.49948		14.55023
1.48541		14.49555
1.46767		14.43982
1.45291		14.38765
1.43805		14.33694
1.42376		14.2833
1.40599		14.23134
1.39214		14.18168
1.37738		14.12951
1.36457		14.07608
1.34997		14.02956
1.33466		13.97696
1.31791		13.92354
1.30534		13.87471
1.28687		13.82296
1.27237		13.76828
1.25723		13.71715
1.24339		13.66728
1.22969		13.61218
1.21261		13.56084
1.19661		13.50909
1.18128		13.45483
1.16901		13.39659
1.15412		13.34609
1.13971		13.29496
1.1241		13.23965
1.11069		13.18559
1.09336		13.13489
1.07903		13.0823
1.06125		13.02678
1.05002		12.97377
1.03253		12.91762
1.01766		12.86294
1.00597		12.81474
0.98936		12.75922
0.97174		12.70287
0.96151		12.64923
0.94357		12.5981
0.93101		12.54928
0.91525		12.49857
0.89837		12.44494
0.88504		12.38774
0.86863		12.33222
0.85472		12.27817
0.84003		12.22725
0.82531		12.17173
0.80856		12.11663
0.79599		12.06069
0.78055		12.00706
0.76728		11.95363
0.75064		11.89706
0.73579		11.83986
0.72028		11.78518
0.70515		11.73134
0.689		11.67791
0.67485		11.61778
0.65751		11.56059
0.64466		11.50528
0.62949		11.44788
0.61524		11.39675
0.60133		11.34269
0.58298		11.28341
0.57128		11.23019
0.55398		11.17822
0.5401		11.12124
0.52436		11.06614
0.51107		11.01103
0.49331		10.9553
0.47927		10.9002
0.46252		10.84259
0.45056		10.78833
0.43467		10.72967
0.42068		10.67101
0.40524		10.61277
0.38991		10.55411
0.37431		10.4965
0.35845		10.44328
0.34409		10.38734
0.33043		10.32617
0.31667		10.25873
0.2991		10.19316
0.28185		10.15125
0.27131		10.09259
0.25533		10.01468
0.2393		9.95979
0.22598		9.90678
0.2111		9.84143
0.19464		9.77252
0.17903		9.7124
0.16515		9.64955
0.15074		9.59194
0.13863		9.52994
0.11926		9.46521
0.10321		9.40634
0.09209		9.34246
0.07552		9.27417
0.0576		9.21531
0.04589		9.15832
0.03044		9.09548
0.01499		9.02532
4.11E-04	8.96498
-0.01095	8.90151
-0.02958	8.83092
-0.04578	8.77059
-0.05852	8.70942
-0.07148	8.64072
-0.08897	8.56783
-0.10689	8.51671
-0.11601	8.45345
-0.13463	8.36801
-0.15222	8.31856
-0.16164	8.25509
-0.17618	8.17362
-0.19429	8.11246
-0.20626	8.04187
-0.22415	7.96647
-0.23826	7.90468
-0.25448	7.83639
-0.26959	7.76099
-0.2832		7.69041
-0.2972		7.61857
-0.31311	7.54087
-0.3274		7.46254
-0.34184	7.39028
-0.3576		7.31112
-0.37291	7.23029
-0.38763	7.14945
-0.4019		7.07635
-0.41852	6.99049
-0.43138	6.90338
-0.44479	6.8217
-0.45952	6.73563
-0.47412	6.65166
-0.49159	6.56433
-0.50517	6.4724
-0.51928	6.37943
-0.53288	6.29043
-0.54776	6.19222
-0.56424	6.09193
-0.58102	5.99017
-0.59315	5.88736
-0.60972	5.77765
-0.62492	5.66187
-0.64006	5.54923
-0.65362	5.42801
-0.66645	5.29946
-0.68207	5.17343
-0.6952		5.03024
-0.7096		4.87909
-0.72574	4.72209
-0.74112	4.55107
-0.75555	4.36645
-0.76765	4.17576
-0.78704	3.96918
-0.79886	3.74292
-0.81473	3.50139
-0.82745	3.24897
-0.84104	2.97543
-0.85487	2.68096
-0.86831	2.37143
-0.88247	2.04055
-0.89646	1.6921
-0.91031	1.33005
-0.92404	0.95733
-0.93946	0.56954
-0.95349	0.17317
-0.97125	-0.23429
-0.98574	-0.65262
-1.00057	-1.07346
-1.01356	-1.49912
-1.02987	-1.92374
-1.04229	-2.35212
-1.05834	-2.77882
-1.07188	-3.19862
-1.08767	-3.6178
-1.10615	-4.02881
-1.12059	-4.43542
-1.13329	-4.84162
-1.15092	-5.24176
-1.16534	-5.63268
-1.18023	-6.01461
-1.19608	-6.39236
-1.21097	-6.76675
-1.22786	-7.13487
-1.24335	-7.49378
-1.25678	-7.84056
-1.27454	-8.1819
-1.28795	-8.51989
-1.30399	-8.84993
-1.31901	-9.16699
-1.33547	-9.47757
-1.35063	-9.78062
-1.36624	-10.07446
-1.38053	-10.36056
-1.39552	-10.63557
-1.41273	-10.8997
-1.42803	-11.16236
-1.44869	-11.39992
-1.45637	-11.62597
-1.47283	-11.88193
-1.49488	-12.10045
-1.50391	-12.3016
-1.52321	-12.50944
-1.53867	-12.68988
-1.55139	-12.86822
-1.57063	-13.04635
-1.58448	-13.21611
-1.6002		-13.36976
-1.61566	-13.51672
-1.62707	-13.65008
-1.64496	-13.77946
-1.65797	-13.90779
-1.67704	-14.03027
-1.69249	-14.13266
-1.70693	-14.23756
-1.72314	-14.34036
-1.73845	-14.43731
-1.75127	-14.53049
-1.76631	-14.62242
-1.78186	-14.70786
-1.79866	-14.78159
-1.80961	-14.87289
-1.82872	-14.94514
-1.84418	-14.9992
-1.85209	-15.0838
-1.87417	-15.16673
-1.89037	-15.21598
-1.90006	-15.28677
-1.91839	-15.36614
-1.93299	-15.41664
-1.94641	-15.47425
-1.96301	-15.5463
-1.97807	-15.60119
-1.99192	-15.65671
-2.00487	-15.71893
-2.01915	-15.77843
-2.03755	-15.83646
-2.05183	-15.89721
-2.06609	-15.95608
-2.08186	-16.01034
-2.09817	-16.06691
-2.11279	-16.1241
-2.12939	-16.17627
-2.14137	-16.23053
-2.15578	-16.28919
-2.17329	-16.34409
-2.18857	-16.39982
-2.20274	-16.45659
-2.21904	-16.51023
-2.23263	-16.55947
-2.24746	-16.61416
-2.26309	-16.66591
-2.27897	-16.71683
-2.2947		-16.77109
-2.30973	-16.82389
-2.32489	-16.87292
-2.3376		-16.92761
-2.3552		-16.9802
-2.36923	-17.03132
-2.38235	-17.08036
-2.39795	-17.13609
-2.41154	-17.1891
-2.42919	-17.23834
-2.44547	-17.29177
-2.45949	-17.34624
-2.47163	-17.39339
-2.48578	-17.44598
-2.50571	-17.50778
-2.51844	-17.55556
-2.5314		-17.59999
-2.54598	-17.65426
-2.56073	-17.70873
-2.57854	-17.75692
-2.5918		-17.8047
-2.60945	-17.85457
-2.62241	-17.90967
-2.63959	-17.95849
-2.65085	-18.00983
-2.66792	-18.06451
-2.68206	-18.11438
-2.6975		-18.16948
-2.71368	-18.2181
-2.72827	-18.26838
-2.74187	-18.32118
-2.75861	-18.37356
-2.77437	-18.4295
-2.78716	-18.48167
-2.80451	-18.53426
-2.81766	-18.58329
-2.83366	-18.63525
-2.84695	-18.69161
-2.86329	-18.74211
-2.87992	-18.7926
-2.89419	-18.84519
-2.90891	-18.8982
-2.92264	-18.95351
-2.9384		-19.00673
-2.95455	-19.06559
-2.96684	-19.12237
-2.98574	-19.17851
-2.99304	-19.22922
-2.97828	-19.25817
-2.96443	-19.2597
-2.95287	-19.24178
-2.93354	-19.21779
-2.91995	-19.18941
-2.90365	-19.15433
-2.89282	-19.11276
-2.87562	-19.06953
-2.86034	-19.02398
-2.84776	-18.98158
-2.83146	-18.93562
-2.81804	-18.88861
-2.80286	-18.84412
-2.78656	-18.79836
-2.77058	-18.76224
-2.76224	-18.69891
-2.74046	-18.645
-2.7282		-18.61264
-2.71141	-18.55894
-2.69483	-18.4998
-2.68025	-18.4551
-2.66739	-18.415
-2.65297	-18.36339
-2.63502	-18.31471
-2.62219	-18.26498
-2.60782	-18.21526
-2.59256	-18.16888
-2.57625	-18.12083
-2.56239	-18.07194
-2.54577	-18.02326
-2.53266	-17.97709
-2.52169	-17.92904
-2.50416	-17.87618
-2.48641	-17.82813
-2.47603	-17.77547
-2.45755	-17.72323
-2.4437		-17.6733
-2.42808	-17.62504
-2.41279	-17.57301
-2.39648	-17.52265
-2.38416	-17.48088
-2.37189	-17.42467
-2.34952	-17.36574
-2.33839	-17.33275
-2.32725	-17.27758
-2.30709	-17.22032
-2.29449	-17.18441
-2.27931	-17.1282
-2.26201	-17.06864
-2.24638	-17.02854
-2.23038	-16.97651
-2.2187		-16.92595
-2.20106	-16.87874
-2.18951	-16.82378
-2.17176	-16.7728
-2.16064	-16.72474
-2.14347	-16.68129
-2.12731	-16.62655
-2.11212	-16.57452
-2.09767	-16.52312
-2.08092	-16.4713
-2.06562	-16.42116
-2.05379	-16.37352
-2.03672	-16.32212
-2.02142	-16.27386
-2.00756	-16.22539
-1.99211	-16.17274
-1.97448	-16.12197
-1.96297	-16.07517
-1.94605	-16.03256
-1.93521	-15.98032
-1.916		-15.92579
-1.90157	-15.87397
-1.88888	-15.82424
-1.87254	-15.77954
-1.85535	-15.7317
-1.8412		-15.68092
-1.82545	-15.62681
-1.81115	-15.57645
-1.79716	-15.52945
-1.78485	-15.47909
-1.76351	-15.42665
-1.75422	-15.37923
-1.73591	-15.32176
-1.72163	-15.2781
-1.71207	-15.23486
-1.69247	-15.17426
-1.67658	-15.12913
-1.66488	-15.08192
-1.64899	-15.02968
-1.63342	-14.98393
-1.61706	-14.93337
-1.60249	-14.87925
-1.58862	-14.83161
-1.57493	-14.78607
-1.56222	-14.73509
-1.54315	-14.68285
-1.52938	-14.62915
-1.51439	-14.57461
-1.50084	-14.52551
-1.48305	-14.47537
-1.46878	-14.42501
-1.45227	-14.37131
-1.43813	-14.3195
-1.42096	-14.26517
-1.40944	-14.21293
-1.39178	-14.15944
-1.37707	-14.11055
-1.36321	-14.05789
-1.34643	-14.00608
-1.33285	-13.95468
-1.3177		-13.90244
-1.30385	-13.85125
-1.28665	-13.80069
-1.27307	-13.74992
-1.2582		-13.69915
-1.24336	-13.64691
-1.2275		-13.59885
-1.21433	-13.54515
-1.19872	-13.49396
-1.18473	-13.44298
-1.16711	-13.39388
-1.15427	-13.33767
-1.13749	-13.28647
-1.12233	-13.23738
-1.10728	-13.18305
-1.09506	-13.13332
-1.07681	-13.08025
-1.06285	-13.02634
-1.04766	-12.97452
-1.0315		-12.92584
-1.02312	-12.87025
-1.00494	-12.80065
-0.98758	-12.77436
-0.97877	-12.72379
-0.95842	-12.65482
-0.94255	-12.61471
-0.93183	-12.55766
-0.91422	-12.49518
-0.89891	-12.45277
-0.88565	-12.40053
-0.86915	-12.34244
-0.854		-12.29041
-0.83969	-12.22939
-0.82398	-12.1759
-0.80679	-12.12826
-0.79406	-12.07916
-0.77964	-12.0196
-0.76419	-11.96172
-0.74785	-11.91429
-0.73428	-11.85787
-0.71552	-11.79978
-0.7021		-11.75173
-0.68719	-11.69844
-0.6752		-11.63805
-0.65764	-11.58539
-0.64287	-11.53483
-0.62791	-11.46167
-0.60942	-11.41299
-0.59809	-11.37728
-0.58439	-11.30496
-0.56392	-11.24268
-0.55492	-11.21157
-0.53889	-11.14699
-0.52305	-11.08136
-0.50828	-11.03415
-0.49413	-10.98003
-0.4797		-10.91879
-0.466		-10.86676
-0.44967	-10.81766
-0.4351		-10.75601
-0.41848	-10.70607
-0.40405	-10.65509
-0.38917	-10.59657
-0.37399	-10.5412
-0.36205	-10.49063
-0.34484	-10.42877
-0.32993	-10.37046
-0.31203	-10.31802
-0.30081	-10.25845
-0.28548	-10.2035
-0.27131	-10.14561
-0.2563		-10.08835
-0.23983	-10.02942
-0.22335	-9.97404
-0.20996	-9.91825
-0.19536	-9.85743
-0.17775	-9.7985
-0.16431	-9.74437
-0.1497		-9.68879
-0.13499	-9.62902
-0.1178		-9.57365
-0.10744	-9.51848
-0.09093	-9.45912
-0.07504	-9.40103
-0.05991	-9.34586
-0.04965	-9.28672
-0.02941	-9.22883
-0.01557	-9.17094
-0.00168	-9.11557
4.90E-05	-9.06793
7.76E-04	-9.04436
6.89E-05	-9.02476
9.39E-04	-9.00538
-5.02E-05	-8.99352
9.68E-05	-8.99339
-0.00137	-8.98634
0.00138		-8.97763
0.00237		-8.97331
-2.37E-04	-8.97045
5.18E-04	-8.96633
2.12E-04	-8.96348
0.00354		-8.96313
0.00197		-8.96027
0.00169		-8.96098
0.00281		-8.95707
0.00309		-8.95442
9.59E-04	-8.95031
0.00354		-8.94704
0.00149		-8.94313
0.0015		-8.9432
7.64E-04	-8.94306
0.00283		-8.9377
-8.21E-04	-8.934
8.88E-05	-8.93345
0.00223		-8.93331
0.00108		-8.92815
0.00397		-8.92487
0.00386		-8.92432
0.00181		-8.92439
2.20E-04	-8.92363
0.00251		-8.92349
0.00358		-8.92126
0.00238		-8.91945
0.0021		-8.91827
0.00256		-8.91855
0.0031		-8.91444
0.00137		-8.912
0.00154		-8.91061
0.00239		-8.90901
2.00E-04	-8.90489
0.00296		-8.90183
0.00152		-8.90002
-6.62E-04	-8.8982
-2.45E-04	-8.89953
-9.24E-04	-8.89625
0.0027		-8.89026
0.00197		-8.88929
0.00295		-8.88894
6.65E-04	-8.90177
-0.00198	-8.8872
0.00438		-8.87388
0.00267		-8.88588
0.00185		-8.88658
9.35E-04	-8.87493
0.00222		-8.87396
0.00269		-8.8824
-1.85E-04	-8.88038
0.00122		-8.87857
0.00413		-8.88429
2.68E-04	-8.87725
0.00285		-8.87189
0.00428		-8.87175
0.003		-8.87057
0.00183		-8.87023
0.00429		-8.87197
0.00255		-8.86849
0.00413		-8.86271
0.00314		-8.86424
0.00126		-8.86474
0.00171		-8.86063
0.00415		-8.8607
8.04E-04	-8.86182
0.00224		-8.85771
0.00126		-8.85569
0.0028		-8.86434
0.0033		-8.86504
0.00136		-8.84879
0.00497		-8.86079
0.00155		-8.86567
6.33E-04	-8.85026
0.00442		-8.86184
-3.43E-05	-8.86966
-2.25E-04	-8.85864
0.00368		-8.8606
0.003		-8.86402
9.71E-04	-8.85886
6.97E-04	-8.86354
0.0018		-8.86486
0.00111		-8.86284
0.00167		-8.8602
-1.89E-04	-8.86676
0.00196		-8.86808
-7.61E-04	-8.86125
0.002		-8.86091
0.00316		-8.86245
-0.00108	-8.86252
0.002		-8.86364
0.00226		-8.86601
