-7.79E-04	-1.29432
-0.00122	-1.29376
-0.00155	-1.29783
-1.95E-04	-1.29798
-9.42E-04	-1.29564
0.00186		-1.28885
0.0011		-1.28634
2.46E-04	-1.27581
7.90E-05	-1.27472
-0.0015		-1.27861
3.92E-05	-1.28374
5.12E-04	-1.28211
-4.93E-04	-1.28653
-0.00123	-1.28455
-6.56E-04	-1.29075
-6.36E-04	-1.2877
9.25E-04	-1.28037
-5.60E-05	-1.2727
-0.00209	-1.27445
-0.00196	-1.28456
0.00156		-1.29379
-6.48E-04	-1.28931
0.00155		-1.29391
-0.00649	-1.23784
-0.00124	-1.16381
0.00725		-1.29757
0.00287		-1.35554
-0.00488	-1.27528
-0.00283	-1.21601
-0.00196	-1.23377
-1.75E-04	-1.2542
-3.54E-04	-1.26076
-0.00164	-1.25967
-8.03E-04	-1.26551
-7.71E-04	-1.27811
-0.00178	-1.26563
-0.00325	-1.24728
-4.81E-04	-1.23374
-0.00136	-1.23851
-1.22E-05	-1.25361
-4.73E-04	-1.25767
0.00184		-1.24858
1.07E-04	-1.24375
-3.38E-04	-1.23892
0.00138		-1.24547
-7.95E-04	-1.25932
3.97E-04	-1.2561
-0.00134	-1.26212
-0.00165	-1.26423
-3.46E-04	-1.27114
-0.00286	-1.22041
0.00402		-1.25009
0.00298		-1.3287
-0.00327	-1.25893
8.06E-04	-1.2646
-5.01E-04	-1.29464
-0.00106	-1.26241
6.71E-04	-1.28018
-0.00151	-1.27552
0.00182		-1.25575
0.00112		-1.27707
-1.95E-04	-1.27456
-6.36E-04	-1.26368
6.63E-04	-1.27201
2.34E-04	-1.27252
7.86E-04	-1.27854
5.28E-04	-1.27727
0.00138		-1.27315
-1.95E-04	-1.26726
-6.68E-04	-1.27079
0.00168		-1.27628
-6.00E-05	-1.27465
-0.00163	-1.26893
1.03E-04	-1.27477
0.00126		-1.27617
2.30E-04	-1.26387
0.00128		-1.26242
6.55E-04	-1.2519
3.77E-04	-1.24867
-6.28E-04	-1.25007
9.50E-05	-1.24453
-4.73E-04	-1.24877
-7.83E-04	-1.24732
-6.52E-04	-1.24214
7.94E-04	-1.24442
8.70E-05	-1.25116
6.79E-04	-1.25149
0.00254		-1.25164
-0.00137	-1.24663
0.00157		-1.2475
6.63E-04	-1.24889
0.00112		-1.2542
0.00195		-1.25329
-4.89E-04	-1.26856
0.00181		-1.2648
-0.00152	-1.23542
-5.09E-04	-1.20782
0.00386		-1.23999
0.00197		-1.27626
-3.74E-04	-1.24634
0.00238		-1.20273
0.01648		-1.1593
0.03267		-1.12316
0.0433		-1.04254
0.05705		-0.92403
0.0751		-0.84199
0.09004		-0.78984
0.10357		-0.72986
0.11903		-0.63181
0.13461		-0.53358
0.14965		-0.46648
0.16524		-0.40188
0.1794		-0.31681
0.19497		-0.23015
0.21049		-0.15932
0.2233		-0.10023
0.23903		-0.00573
0.25432		0.0925
0.26951		0.17703
0.28339		0.23398
0.29811		0.30499
0.314		0.39593
0.3287		0.48989
0.34391		0.56196
0.36023		0.63671
0.37202		0.70985
0.38966		0.79901
0.40498		0.88798
0.4194		0.97429
0.43315		1.04726
0.45		1.12076
0.46433		1.20173
0.47861		1.27737
0.49293		1.35389
0.50895		1.44073
0.525		1.52135
0.53927		1.60855
0.55242		1.68543
0.56945		1.75181
0.58433		1.83029
0.59705		1.91589
0.61466		2.01341
0.63461		1.97536
0.63943		2.11095
0.65608		2.30187
0.67558		2.31506
0.68977		2.40119
0.70785		2.4231
0.71776		2.50407
0.73217		2.62667
0.7501		2.73433
0.76527		2.82473
0.78272		2.8856
0.79357		2.93882
0.80915		3.02833
0.82245		3.13261
0.83936		3.22283
0.85551		3.27498
0.8701		3.34244
0.88194		3.43408
0.9		3.52947
0.91388		3.59976
0.93064		3.65494
0.94302		3.72132
0.95994		3.78913
0.97117		3.89697
0.98968		4.02526
1.01186		3.98668
1.01927		4.05058
1.0289		4.23776
1.04888		4.32478
1.06698		4.34437
1.07707		4.43139
1.09466		4.52375
1.111		4.59227
1.12324		4.6752
1.13858		4.76044
1.15604		4.83056
1.16786		4.9263
1.18494		5.00745
1.1975		5.07081
1.21581		5.14538
1.22696		5.22119
1.24412		5.30146
1.25914		5.38385
1.27605		5.45575
1.28891		5.54028
1.30552		5.62374
1.31894		5.69831
1.33441		5.78533
1.34651		5.88036
1.36314		5.95279
1.37686		6.01597
1.39329		6.10869
1.40862		6.22684
1.42247		6.32596
1.43752		6.39804
1.45465		6.45766
1.46841		6.53241
1.48355		6.61676
1.49903		6.70699
1.51404		6.79258
1.52861		6.88049
1.54483		6.95613
1.56258		7.02287
1.57599		7.11095
1.58794		7.19815
1.60472		7.28002
1.61975		7.35049
1.63374		7.43983
1.64979		7.53183
1.66338		7.61155
1.67868		7.68879
1.69343		7.77866
1.70898		7.87404
1.72548		7.96711
1.74077		8.04488
1.75462		8.1287
1.76761		8.23386
1.78263		8.32889
1.79795		8.4289
1.81484		8.51254
1.82712		8.5944
1.841		8.68089
1.85641		8.78713
1.8716		8.9003
1.88532		9.00458
1.90121		9.11899
1.91609		9.2158
1.93225		9.32453
1.94384		9.44588
1.96067		9.55888
1.97528		9.68842
1.98916		9.81885
2.00388		9.9475
2.01834		10.08896
2.03438		10.22828
2.04708		10.37027
2.06757		10.53041
2.0807		10.69518
2.09139		10.86723
2.10744		11.04374
2.12214		11.22416
2.13803		11.41365
2.15189		11.6277
2.16676		11.84298
2.18337		12.05952
2.19621		12.29028
2.21137		12.5287
2.22493		12.77512
2.23937		13.03595
2.25409		13.28914
2.26896		13.55762
2.2844		13.84816
2.29526		14.13622
2.31156		14.4168
2.32515		14.69684
2.34193		14.98436
2.3524		15.32187
2.36581		15.71987
2.38977		15.90491
2.40415		16.11647
2.41062		16.45825
2.42869		16.79967
2.443		17.07456
2.46233		17.29323
2.47737		17.5288
2.49382		17.76971
2.50945		17.98909
2.52634		18.20812
2.54164		18.42038
2.55535		18.61984
2.56969		18.81218
2.58801		18.96983
2.60504		19.1506
2.61543		19.34152
2.63424		19.50201
2.6488		19.63351
2.66298		19.80041
2.67465		20.00254
2.69171		20.18794
2.70729		20.35751
2.71983		20.5502
2.733		20.78435
2.74872		21.02846
2.75996		21.30584
2.77618		21.58802
2.79191		21.78605
2.79761		22.14438
2.81336		22.50004
2.83333		22.77155
2.83976		23.14713
2.85802		23.53748
2.87244		23.91235
2.8856		24.30608
2.90276		24.687
2.9179		25.10438
2.93107		25.54508
2.94508		25.96763
2.95965		26.38466
2.97055		26.80774
2.96554		27.13208
2.9553		27.33474
2.94739		27.41643
2.9356		27.4161
2.9226		27.38125
2.90714		27.35353
2.89431		27.31299
2.87643		27.25502
2.86242		27.19544
2.84808		27.13374
2.83297		27.07683
2.81689		27.02456
2.80478		26.95218
2.7877		26.87695
2.77328		26.79799
2.7601		26.72259
2.74278		26.64612
2.72924		26.58067
2.71493		26.50883
2.70081		26.42648
2.68576		26.34894
2.66988		26.27016
2.6543		26.20276
2.64116		26.12895
2.62553		26.04056
2.61403		25.96124
2.59653		25.87
2.58225		25.79086
2.56458		25.71368
2.55088		25.62778
2.53776		25.55753
2.52319		25.4718
2.50498		25.38003
2.48927		25.29733
2.47828		25.21748
2.4589		25.13745
2.4459		25.04354
2.43204		24.95853
2.41618		24.88045
2.40014		24.7917
2.3877		24.69175
2.3704		24.60318
2.35869		24.52937
2.34079		24.43867
2.3281		24.34262
2.31349		24.24356
2.2956		24.14627
2.28405		24.06517
2.26945		23.97179
2.25359		23.87112
2.23969		23.78487
2.2224		23.70056
2.20679		23.60256
2.19101		23.50083
2.17874		23.40532
2.16157		23.30981
2.14598		23.2127
2.13051		23.11773
2.11537		23.02115
2.10061		22.92244
2.08661		22.81751
2.07245		22.71648
2.056		22.62329
2.04311		22.51764
2.02651		22.40932
2.00977		22.30314
1.99632		22.19572
1.98393		22.09736
1.9659		21.97588
1.95191		21.85191
1.93615		21.73594
1.92041		21.62193
1.90566		21.52482
1.88965		21.42078
1.87954		21.29627
1.86091		21.20361
1.85233		21.001
1.83445		20.83024
1.81071		20.87954
1.80609		20.71572
1.78811		20.58517
1.77446		20.43273
1.76278		20.26908
1.7418		20.16663
1.72822		20.05867
1.71322		19.92775
1.69906		19.78866
1.68593		19.62999
1.67163		19.47702
1.65659		19.33027
1.6381		19.18904
1.62319		19.03839
1.60909		18.88043
1.59752		18.71697
1.58224		18.55527
1.56574		18.39732
1.55031		18.22336
1.53472		18.04352
1.52244		17.86511
1.50651		17.6634
1.49149		17.53444
1.48362		17.27526
1.46306		17.01377
1.44263		16.91862
1.43069		16.77828
1.42242		16.49615
1.39998		16.27949
1.38711		16.08791
1.37486		15.85097
1.36086		15.61314
1.34263		15.39719
1.33226		15.16381
1.31477		14.94127
1.29845		14.7022
1.28601		14.44658
1.27186		14.20252
1.25671		13.94992
1.24346		13.69181
1.22539		13.43494
1.21285		13.17238
1.19551		12.90982
1.18168		12.65278
1.16893		12.38523
1.15392		12.11502
1.13817		11.83396
1.12359		11.55503
1.11018		11.2745
1.09265		11.0107
1.07884		10.74262
1.06131		10.45516
1.04951		10.17374
1.03478		9.89766
1.01966		9.61873
1.00095		9.33376
0.98755		9.0486
0.97482		8.76469
0.95939		8.47758
0.94523		8.20115
0.92849		7.92542
0.91174		7.6424
0.89644		7.36152
0.8827		7.08811
0.86727		6.82359
0.85078		6.5589
0.83578		6.29509
0.82117		6.04321
0.80673		5.8036
0.79258		5.56879
0.77729		5.33256
0.76039		5.12479
0.7442		4.91987
0.72962		4.71015
0.71128		4.5191
0.69555		4.34994
0.68067		4.18736
0.66566		3.99116
0.65148		3.80937
0.63561		3.68682
0.6191		3.56374
0.60586		3.40311
0.58882		3.25192
0.57191		3.15872
0.55686		3.06553
0.54432		2.93426
0.53308		2.77257
0.51195		2.67386
0.49344		2.61162
0.48211		2.51878
0.46721		2.39943
0.4503		2.30606
0.43602		2.23083
0.42037		2.1476
0.40554		2.03875
0.39094		1.95124
0.37533		1.88153
0.36134		1.80257
0.34546		1.71222
0.33131		1.61351
0.31793		1.5276
0.30052		1.45095
0.28452		1.37484
0.27124		1.29747
0.25694		1.2057
0.24148		1.11749
0.22589		1.03514
0.20955		0.96009
0.19657		0.88629
0.17996		0.79398
0.16697		0.70452
0.15063		0.62823
0.1356		0.55478
0.11974		0.47208
0.10544		0.38902
0.08707		0.40115
0.07642		0.32325
0.06623		0.10072
0.04548		0.00432
0.02536		0.01983
0.01444		-0.00968
0.00207		-0.13454
-0.01616	-0.24446
-0.02811	-0.31951
-0.04605	-0.39616
-0.0596		-0.47423
-0.07402	-0.55284
-0.08512	-0.63519
-0.10701	-0.71824
-0.12087	-0.7908
-0.13605	-0.87208
-0.15004	-0.9562
-0.16521	-1.04601
-0.18012	-1.12924
-0.19507	-1.20607
-0.21056	-1.26956
-0.22786	-1.35475
-0.23842	-1.45203
-0.25662	-1.54683
-0.27088	-1.62775
-0.28327	-1.71365
-0.29906	-1.78087
-0.31643	-1.80184
-0.32442	-1.95908
-0.34385	-2.05388
-0.36324	-2.07627
-0.36891	-2.21074
-0.39151	-2.29094
-0.40421	-2.34198
-0.42094	-2.44175
-0.43611	-2.50026
-0.4491		-2.58314
-0.46429	-2.68807
-0.48002	-2.7617
-0.49472	-2.84084
-0.51021	-2.91891
-0.52288	-3.00481
-0.53818	-3.0925
-0.55599	-3.18089
-0.56955	-3.25202
-0.58386	-3.32778
-0.60114	-3.40977
-0.61633	-3.49105
-0.62975	-3.58211
-0.64565	-3.6689
-0.66007	-3.7475
-0.67501	-3.81277
-0.68852	-3.88248
-0.70354	-3.9723
-0.72103	-4.06353
-0.73706	-4.14926
-0.75136	-4.22715
-0.76667	-4.29437
-0.77954	-4.36978
-0.79687	-4.45763
-0.81057	-4.53588
-0.82777	-4.62339
-0.84398	-4.70893
-0.85968	-4.79554
-0.87137	-4.8777
-0.88682	-4.9668
-0.9026		-5.04879
-0.91757	-5.12562
-0.93091	-5.20565
-0.94401	-5.29368
-0.96074	-5.36553
-0.97593	-5.45018
-0.99067	-5.53875
-1.00493	-5.62732
-1.01897	-5.69348
-1.03325	-5.75305
-1.049		-5.83682
-1.06777	-5.92111
-1.08078	-6.00915
-1.0958		-6.10056
-1.10951	-6.17864
-1.1241		-6.25244
-1.14156	-6.33123
-1.15544	-6.41268
-1.16959	-6.49146
-1.18516	-6.5722
-1.19915	-6.65046
-1.21451	-6.7408
-1.23137	-6.83364
-1.24585	-6.91367
-1.2594		-6.99192
-1.27662	-7.06679
-1.29119	-7.1438
-1.30445	-7.22934
-1.31847	-7.31329
-1.33593	-7.39759
-1.34924	-7.48118
-1.36691	-7.54893
-1.37709	-7.61793
-1.39587	-7.70116
-1.40928	-7.78938
-1.42632	-7.89004
-1.44065	-7.97915
-1.45505	-8.05847
-1.47038	-8.13263
-1.48521	-8.21515
-1.50319	-8.30069
-1.51512	-8.39371
-1.53088	-8.47605
-1.54529	-8.55448
-1.5628		-8.63949
-1.57373	-8.7366
-1.59125	-8.82037
-1.60319	-8.9036
-1.61694	-8.98044
-1.63324	-9.06136
-1.65029	-9.14406
-1.66533	-9.20772
-1.67698	-9.32814
-1.69111	-9.51722
-1.72032	-9.43732
-1.72538	-9.50916
-1.73926	-9.63491
-1.75489	-9.73914
-1.76843	-9.87005
-1.78796	-9.92997
-1.80239	-9.98456
-1.81454	-10.08238
-1.83113	-10.17949
-1.84353	-10.28212
-1.85853	-10.37887
-1.87476	-10.4742
-1.88828	-10.5875
-1.9023		-10.70133
-1.91731	-10.80022
-1.93424	-10.90516
-1.94727	-11.01863
-1.96308	-11.15648
-1.97453	-11.29344
-1.99521	-11.40407
-2.00659	-11.52982
-2.01664	-11.7358
-2.03751	-11.85301
-2.0489		-12.00937
-2.06038	-12.25556
-2.08369	-12.37046
-2.09627	-12.485
-2.10818	-12.70949
-2.12501	-12.89235
-2.13855	-13.06453
-2.14803	-13.31464
-2.16498	-13.5498
-2.18043	-13.74494
-2.19486	-13.96213
-2.21018	-14.19658
-2.22256	-14.45078
-2.23918	-14.68808
-2.25361	-14.92288
-2.26892	-15.19327
-2.28293	-15.4738
-2.2991		-15.73191
-2.31472	-15.9717
-2.3303		-16.21949
-2.34372	-16.47885
-2.35972	-16.73661
-2.37564	-16.97924
-2.38953	-17.21547
-2.40844	-17.44868
-2.41938	-17.67851
-2.43905	-17.90531
-2.4532		-18.10595
-2.46823	-18.29806
-2.48366	-18.5117
-2.49955	-18.71021
-2.5137		-18.88596
-2.53019	-19.05636
-2.54464	-19.20329
-2.5601		-19.3591
-2.57236	-19.52008
-2.59113	-19.67198
-2.60586	-19.81482
-2.62175	-19.95658
-2.6343		-20.10848
-2.65066	-20.25896
-2.66606	-20.405
-2.68284	-20.54836
-2.69223	-20.70471
-2.70928	-20.87939
-2.72237	-21.0626
-2.73815	-21.25293
-2.74895	-21.45091
-2.76412	-21.68181
-2.77999	-21.91626
-2.79096	-22.15925
-2.80873	-22.42715
-2.8201		-22.71711
-2.83714	-23.02592
-2.84652	-23.35057
-2.864		-23.68287
-2.87835	-24.01891
-2.89116	-24.38305
-2.903		-24.78544
-2.92235	-25.17609
-2.93376	-25.56834
-2.94894	-25.97785
-2.96348	-26.40533
-2.97513	-26.828
-2.96693	-27.14429
-2.95727	-27.34404
-2.94849	-27.41643
-2.9358		-27.4027
-2.92688	-27.36051
-2.91161	-27.32668
-2.89618	-27.2852
-2.87978	-27.2375
-2.86887	-27.16666
-2.85382	-27.07306
-2.83924	-26.99689
-2.82234	-26.93958
-2.80531	-26.89009
-2.78999	-26.83278
-2.7783		-26.75181
-2.76317	-26.66051
-2.74797	-26.58861
-2.72947	-26.5233
-2.71647	-26.45086
-2.70319	-26.37096
-2.68836	-26.29141
-2.67199	-26.22911
-2.65525	-26.16558
-2.64111	-26.08727
-2.62784	-26.00381
-2.61485	-25.92532
-2.59605	-25.84257
-2.58597	-25.75679
-2.5685		-25.6381
-2.55418	-25.47903
-2.53045	-25.51619
-2.52399	-25.511
-2.51234	-25.34961
-2.49814	-25.17862
-2.47671	-25.11989
-2.46186	-25.08944
-2.4476		-25.02323
-2.43503	-24.92892
-2.41872	-24.83691
-2.40182	-24.75932
-2.38912	-24.67888
-2.37368	-24.59097
-2.35835	-24.49505
-2.34417	-24.40536
-2.32778	-24.33275
-2.31212	-24.26725
-2.29841	-24.1676
-2.28337	-24.05692
-2.27139	-23.96438
-2.25365	-23.87576
-2.23849	-23.78571
-2.22562	-23.69727
-2.20799	-23.61576
-2.19371	-23.54013
-2.18204	-23.43211
-2.16602	-23.25952
-2.14385	-23.21235
-2.1287		-23.18439
-2.12212	-23.02639
-2.10013	-22.9536
-2.08686	-22.87867
-2.07546	-22.74593
-2.05711	-22.66513
-2.04745	-22.57082
-2.02721	-22.46672
-2.01033	-22.38663
-1.99837	-22.2747
-1.98463	-22.16278
-1.96961	-22.07095
-1.95126	-21.96738
-1.93711	-21.85741
-1.92367	-21.74655
-1.90997	-21.63729
-1.89652	-21.52874
-1.87949	-21.41753
-1.86142	-21.29653
-1.84817	-21.17926
-1.83127	-21.0547
-1.81854	-20.94011
-1.80456	-20.82089
-1.78811	-20.69704
-1.77364	-20.57408
-1.75718	-20.4424
-1.74782	-20.31091
-1.73091	-20.19346
-1.71447	-20.05823
-1.70144	-19.90769
-1.68557	-19.76107
-1.67243	-19.62424
-1.65566	-19.48438
-1.64076	-19.34701
-1.62345	-19.20715
-1.61247	-19.06036
-1.59603	-18.90538
-1.58375	-18.74506
-1.56771	-18.58598
-1.553		-18.42887
-1.53653	-18.26553
-1.5235		-18.1061
-1.50635	-17.9335
-1.49282	-17.75753
-1.47746	-17.57142
-1.46045	-17.3869
-1.4477		-17.20275
-1.434		-17.01112
-1.41755	-16.80793
-1.40396	-16.6058
-1.38924	-16.3898
-1.37309	-16.17362
-1.35761	-15.97274
-1.34261	-15.77542
-1.33134	-15.54518
-1.31533	-15.29645
-1.29867	-15.08258
-1.28336	-14.88935
-1.27157	-14.66072
-1.25698	-14.3974
-1.23993	-14.15916
-1.22357	-13.9517
-1.21118	-13.71737
-1.19775	-13.44213
-1.1829		-13.19001
-1.16627	-12.96974
-1.15256	-12.75178
-1.1373		-12.49255
-1.12311	-12.20912
-1.10881	-11.9675
-1.09162	-11.73104
-1.07762	-11.4839
-1.06042	-11.23001
-1.04741	-10.99035
-1.03065	-10.74873
-1.0159		-10.5007
-1.00019	-10.24912
-0.9898		-9.99025
-0.97362	-9.75823
-0.95804	-9.52551
-0.94041	-9.28318
-0.92654	-9.04334
-0.91095	-8.79887
-0.89506	-8.58376
-0.88105	-8.36135
-0.86851	-8.10888
-0.84952	-7.89039
-0.83529	-7.66834
-0.81921	-7.43046
-0.80366	-7.21481
-0.78308	-7.11801
-0.78411	-6.7748
-0.7619		-6.5129
-0.74125	-6.37678
-0.72722	-6.20757
-0.70949	-6.05579
-0.69609	-5.85135
-0.67815	-5.66453
-0.664		-5.50136
-0.65131	-5.33037
-0.63396	-5.19194
-0.62037	-5.04888
-0.60509	-4.90386
-0.58876	-4.772
-0.57376	-4.64389
-0.5587		-4.53712
-0.54256	-4.4275
-0.52608	-4.31771
-0.51308	-4.18799
-0.4969		-4.06913
-0.48057	-3.97321
-0.46469	-3.88637
-0.45172	-3.82194
-0.43987	-3.68795
-0.42034	-3.55147
-0.40142	-3.56835
-0.39105	-3.47848
-0.38114	-3.29094
-0.36039	-3.21264
-0.34553	-3.1644
-0.33055	-3.07204
-0.31683	-3.00494
-0.29946	-2.92984
-0.28809	-2.8382
-0.27028	-2.75278
-0.25444	-2.67679
-0.23982	-2.5903
-0.22498	-2.5095
-0.21135	-2.44348
-0.19637	-2.3593
-0.18062	-2.26445
-0.16493	-2.18206
-0.15017	-2.09842
-0.1369		-2.02082
-0.12013	-1.95159
-0.1038		-1.85906
-0.09151	-1.77221
-0.07609	-1.69373
-0.05861	-1.60173
-0.04488	-1.52254
-0.03076	-1.4453
-0.01543	-1.34156
-0.00266	-1.25863
0.00183		-1.21964
0.0014		-1.20716
0.00198		-1.21088
-7.83E-04	-1.21939
-1.75E-04	-1.21652
-5.13E-04	-1.20101
-7.20E-05	-1.1807
0.00138		-1.18068
-3.66E-04	-1.1883
6.59E-04	-1.18294
0.00254		-1.17651
0.00153		-1.17613
0.00272		-1.16649
8.02E-04	-1.14814
9.97E-04	-1.14723
0.00325		-1.14543
0.00153		-1.1486
0.00155		-1.14858
1.07E-04	-1.1409
-4.85E-04	-1.1318
7.90E-05	-1.12555
2.18E-04	-1.12837
-0.00138	-1.13137
0.00211		-1.126
-6.64E-04	-1.12402
1.07E-04	-1.10674
5.24E-04	-1.10369
-0.00134	-1.10793
0.0011		-1.10524
0.00168		-1.1045
3.37E-04	-1.10109
2.74E-04	-1.10729
-9.46E-04	-1.1126
3.53E-04	-1.114
2.38E-04	-1.10312
-2.07E-04	-1.0942
5.52E-04	-1.09417
-4.97E-04	-1.09006
3.73E-04	-1.09074
-0.00138	-1.09623
-9.34E-04	-1.08144
-0.00139	-1.07376
-0.00208	-1.07391
-0.00108	-1.06392
-0.00166	-1.06069
7.94E-04	-1.05764
3.93E-04	-1.06188
-5.33E-04	-1.06559
7.90E-05	-1.06201
-5.01E-04	-1.06518
-2.03E-04	-1.06853
0.00152		-1.05748
-0.00209	-1.04998
3.61E-04	-1.05244
9.61E-04	-1.05295
0.00122		-1.05559
9.69E-04	-1.06695
-1.95E-04	-1.05358
-9.50E-04	-1.04235
-0.00211	-1.04961
-3.74E-04	-1.05137
0.00209		-1.0444
-0.0024		-1.04348
-0.00252	-1.01482
-0.00487	-0.9253
0.00315		-0.97954
0.00501		-1.09017
-0.00547	-1.05882
-0.00491	-0.95846
-1.91E-04	-0.95061
7.51E-05	-1.00466
-2.11E-04	-1.02634
-3.94E-04	-1.00229
-0.00123	-1.01454
-0.00153	-1.01362
-0.00107	-1.00488
-0.00356	-0.99773
0.00124		-0.99184
-0.00163	-1.0128
6.71E-04	-1.02078
-0.00381	-1.01079
-3.42E-04	-1.0129
-0.00107	-1.01358
-0.00182	-1.00537
-0.00252	-1.0009
0.00197		-0.99785
-0.00294	-1.0165
-0.00123	-1.01292
-0.00192	-1.00648
9.77E-04	-1.03101
-0.00236	-0.98597
-7.87E-04	-0.95339
0.00462		-1.04463
-0.00137	-1.02717
-0.00123	-1.02358
-0.0015		-1.04081
-0.00255	-0.99791
6.75E-04	-1.01532
-0.00211	-1.04518
