# AFE params (5)                                                          FE params (5)                                                          DE params (2)         Phase Fractions (3)
# alpha_afe  beta_afe   gamma_afe   g_afe       a0_afe                    alpha_fe       beta_fe        gamma_fe         g_fe           a0_fe   alpha_de  a0_de AFE_frac  FE_frac  DE_frac Ref_mat

5.022532e+08    -9.065448e+10   2.189509e+12    5.453480e+08    8.0e+08 -3.13e+08       -9.863e+09      3.39e+11        -2.608e+08      1.0e+09 9.5e+09 2.372e+09 0       100     0       AFE
5.022532e+08    -9.065448e+10   2.189509e+12    5.453480e+08    8.0e+08 -3.27e+08       -1.127e+10      4.24e+11        -2.73e+08       1.0e+09 9.5e+09 2.372e+09 0       100     0       AFE

5.022532e+08    -9.065448e+10   2.189509e+12    5.453480e+08    8.0e+08 -3.6e+08        -1.5e+10        6.838e+11       -3.086e+08      8.0e+08 9.5e+09 2.372e+09 19.4    76.6    4       AFE
5.022532e+08    -9.065448e+10   2.189509e+12    5.453480e+08    8.0e+08 -3.6e+08        -1.5e+10        6.838e+11       -3.086e+08      8.0e+08 9.5e+09 2.372e+09 0       100     0       AFE
5.022532e+08    -9.065448e+10   2.189509e+12    5.453480e+08    8.0e+08 -3.6e+08        -1.5e+10        6.838e+11       -3.086e+08      8.0e+08 9.5e+09 2.372e+09 0       80      20      AFE
5.022532e+08    -9.065448e+10   2.189509e+12    5.453480e+08    8.0e+08 -3.6e+08        -1.5e+10        6.838e+11       -3.086e+08      8.0e+08 9.5e+09 2.372e+09 80      20      0       AFE
5.022532e+08    -9.065448e+10   2.189509e+12    5.453480e+08    8.0e+08 -3.6e+08        -1.5e+10        6.838e+11       -3.086e+08      8.0e+08 9.5e+09 2.372e+09 70      30      0       AFE
5.022532e+08    -9.065448e+10   2.189509e+12    5.453480e+08    8.0e+08 -3.6e+08        -1.5e+10        6.838e+11       -3.086e+08      8.0e+08 9.5e+09 2.372e+09 60      40      0       AFE
5.022532e+08    -9.065448e+10   2.189509e+12    5.453480e+08    8.0e+08 -3.6e+08        -1.5e+10        6.838e+11       -3.086e+08      8.0e+08 9.5e+09 2.372e+09 50      50      0       AFE

5.022532e+08    -9.065448e+10   2.189509e+12    5.453480e+08    8.0e+08 -3.6e+08        -1.5e+10        6.838e+11       -3.086e+08      8.0e+08 9.5e+09 2.372e+09 90      0       10      AFE
5.022532e+08    -9.065448e+10   2.189509e+12    5.453480e+08    8.0e+08 -3.6e+08        -1.5e+10        6.838e+11       -3.086e+08      8.0e+08 9.5e+09 2.372e+09 80      0       20      AFE
5.022532e+08    -9.065448e+10   2.189509e+12    5.453480e+08    8.0e+08 -3.6e+08        -1.5e+10        6.838e+11       -3.086e+08      8.0e+08 9.5e+09 2.372e+09 70      0       30      AFE
5.022532e+08    -9.065448e+10   2.189509e+12    5.453480e+08    8.0e+08 -3.6e+08        -1.5e+10        6.838e+11       -3.086e+08      8.0e+08 9.5e+09 2.372e+09 60      0       40      AFE
5.022532e+08    -9.065448e+10   2.189509e+12    5.453480e+08    8.0e+08 -3.6e+08        -1.5e+10        6.838e+11       -3.086e+08      8.0e+08 9.5e+09 2.372e+09 50      0       50      AFE

5.022532e+08    -9.065448e+10   2.189509e+12    5.453480e+08    8.0e+08 -3.6e+08        -1.5e+10        6.838e+11       -3.086e+08      8.0e+08 9.5e+09 2.372e+09 0       90      10      AFE
5.022532e+08    -9.065448e+10   2.189509e+12    5.453480e+08    8.0e+08 -3.6e+08        -1.5e+10        6.838e+11       -3.086e+08      8.0e+08 9.5e+09 2.372e+09 0       70      30      AFE
5.022532e+08    -9.065448e+10   2.189509e+12    5.453480e+08    8.0e+08 -3.6e+08        -1.5e+10        6.838e+11       -3.086e+08      8.0e+08 9.5e+09 2.372e+09 0       60      40      AFE
5.022532e+08    -9.065448e+10   2.189509e+12    5.453480e+08    8.0e+08 -3.6e+08        -1.5e+10        6.838e+11       -3.086e+08      8.0e+08 9.5e+09 2.372e+09 0       50      50      AFE

5.022532e+08    -9.065448e+10   2.189509e+12    5.453480e+08    8.0e+08 -3.6e+08        -1.5e+10        6.838e+11       -3.086e+08      8.0e+08 9.5e+09 2.372e+09 50      40      10      AFE
5.022532e+08    -9.065448e+10   2.189509e+12    5.453480e+08    8.0e+08 -3.6e+08        -1.5e+10        6.838e+11       -3.086e+08      8.0e+08 9.5e+09 2.372e+09 50      30      20      AFE
5.022532e+08    -9.065448e+10   2.189509e+12    5.453480e+08    8.0e+08 -3.6e+08        -1.5e+10        6.838e+11       -3.086e+08      8.0e+08 9.5e+09 2.372e+09 50      20      30      AFE
5.022532e+08    -9.065448e+10   2.189509e+12    5.453480e+08    8.0e+08 -3.6e+08        -1.5e+10        6.838e+11       -3.086e+08      8.0e+08 9.5e+09 2.372e+09 50      10      40      AFE

5.022532e+08    -9.065448e+10   2.189509e+12    5.453480e+08    8.0e+08 -3.6e+08        -1.5e+10        6.838e+11       -3.086e+08      8.0e+08 9.5e+09 2.372e+09 40      50      10      AFE
5.022532e+08    -9.065448e+10   2.189509e+12    5.453480e+08    8.0e+08 -3.6e+08        -1.5e+10        6.838e+11       -3.086e+08      8.0e+08 9.5e+09 2.372e+09 30      50      20      AFE
5.022532e+08    -9.065448e+10   2.189509e+12    5.453480e+08    8.0e+08 -3.6e+08        -1.5e+10        6.838e+11       -3.086e+08      8.0e+08 9.5e+09 2.372e+09 20      50      30      AFE
5.022532e+08    -9.065448e+10   2.189509e+12    5.453480e+08    8.0e+08 -3.6e+08        -1.5e+10        6.838e+11       -3.086e+08      8.0e+08 9.5e+09 2.372e+09 10      50      40      AFE
5.022532e+08    -9.065448e+10   2.189509e+12    5.453480e+08    8.0e+08 -3.6e+08        -1.5e+10        6.838e+11       -3.086e+08      8.0e+08 9.5e+09 2.372e+09 0       0       100     DE
