# AFE params (5)                                                          FE params (5)                                                          DE params (2)         Phase Fractions (3)
# alpha_afe  beta_afe   gamma_afe   g_afe       a0_afe                    alpha_fe       beta_fe        gamma_fe         g_fe           a0_fe   alpha_de  a0_de AFE_frac  FE_frac  DE_frac Ref_mat

5.022532e+08    -9.065448e+10   2.189509e+12    5.453480e+08    8.0e+08 -3.6e+08        -1.5e+10        6.838e+11       -3.086e+08      8.0e+08 9.5e+09 2.372e+09 10      90      0       AFE
5.022532e+08    -9.065448e+10   2.189509e+12    5.453480e+08    8.0e+08 -3.6e+08        -1.5e+10        6.838e+11       -3.086e+08      8.0e+08 9.5e+09 2.372e+09 70      30      0       AFE
5.022532e+08    -9.065448e+10   2.189509e+12    5.453480e+08    8.0e+08 -3.6e+08        -1.5e+10        6.838e+11       -3.086e+08      8.0e+08 9.5e+09 2.372e+09 10      90      0       AFE

5.022532e+08    -9.065448e+10   2.189509e+12    5.453480e+08    8.0e+08 -3.6e+08        -1.5e+10        6.838e+11       -3.086e+08      8.0e+08 9.5e+09 2.372e+09 20      80      0       AFE
5.022532e+08    -9.065448e+10   2.189509e+12    5.453480e+08    8.0e+08 -3.6e+08        -1.5e+10        6.838e+11       -3.086e+08      8.0e+08 9.5e+09 2.372e+09 60      40      0       AFE
5.022532e+08    -9.065448e+10   2.189509e+12    5.453480e+08    8.0e+08 -3.6e+08        -1.5e+10        6.838e+11       -3.086e+08      8.0e+08 9.5e+09 2.372e+09 20      80      0       AFE

5.022532e+08    -9.065448e+10   2.189509e+12    5.453480e+08    8.0e+08 -3.6e+08        -1.5e+10        6.838e+11       -3.086e+08      8.0e+08 9.5e+09 2.372e+09 20      80      0       AFE
5.022532e+08    -9.065448e+10   2.189509e+12    5.453480e+08    8.0e+08 -3.6e+08        -1.5e+10        6.838e+11       -3.086e+08      8.0e+08 9.5e+09 2.372e+09 70      30      0       AFE
5.022532e+08    -9.065448e+10   2.189509e+12    5.453480e+08    8.0e+08 -3.6e+08        -1.5e+10        6.838e+11       -3.086e+08      8.0e+08 9.5e+09 2.372e+09 20      80      0       AFE

5.022532e+08    -9.065448e+10   2.189509e+12    5.453480e+08    8.0e+08 -3.6e+08        -1.5e+10        6.838e+11       -3.086e+08      8.0e+08 9.5e+09 2.372e+09 5       90      5       AFE
5.022532e+08    -9.065448e+10   2.189509e+12    5.453480e+08    8.0e+08 -3.6e+08        -1.5e+10        6.838e+11       -3.086e+08      8.0e+08 9.5e+09 2.372e+09 85      7       8       AFE
5.022532e+08    -9.065448e+10   2.189509e+12    5.453480e+08    8.0e+08 -3.6e+08        -1.5e+10        6.838e+11       -3.086e+08      8.0e+08 9.5e+09 2.372e+09 5       90      5       AFE

5.022532e+08    -9.065448e+10   2.189509e+12    5.453480e+08    8.0e+08 -3.6e+08        -1.5e+10        6.838e+11       -3.086e+08      8.0e+08 9.5e+09 2.372e+09 80      12      8       AFE
5.022532e+08    -9.065448e+10   2.189509e+12    5.453480e+08    8.0e+08 -3.6e+08        -1.5e+10        6.838e+11       -3.086e+08      8.0e+08 9.5e+09 2.372e+09 4       92      4       AFE
5.022532e+08    -9.065448e+10   2.189509e+12    5.453480e+08    8.0e+08 -3.6e+08        -1.5e+10        6.838e+11       -3.086e+08      8.0e+08 9.5e+09 2.372e+09 80      12      8       AFE

5.022532e+08    -9.065448e+10   2.189509e+12    5.453480e+08    8.0e+08 -3.6e+08        -1.5e+10        6.838e+11       -3.086e+08      8.0e+08 9.5e+09 2.372e+09 82      11      7       AFE
5.022532e+08    -9.065448e+10   2.189509e+12    5.453480e+08    8.0e+08 -3.6e+08        -1.5e+10        6.838e+11       -3.086e+08      8.0e+08 9.5e+09 2.372e+09 3       94      3       AFE
5.022532e+08    -9.065448e+10   2.189509e+12    5.453480e+08    8.0e+08 -3.6e+08        -1.5e+10        6.838e+11       -3.086e+08      8.0e+08 9.5e+09 2.372e+09 82      11      7       AFE

5.022532e+08    -9.065448e+10   2.189509e+12    5.453480e+08    8.0e+08 -3.6e+08        -1.5e+10        6.838e+11       -3.086e+08      8.0e+08 9.5e+09 2.372e+09 100     0       0       AFE
5.022532e+08    -9.065448e+10   2.189509e+12    5.453480e+08    8.0e+08 -3.6e+08        -1.5e+10        6.838e+11       -3.086e+08      8.0e+08 9.5e+09 2.372e+09 0       100     0       AFE
5.022532e+08    -9.065448e+10   2.189509e+12    5.453480e+08    8.0e+08 -3.6e+08        -1.5e+10        6.838e+11       -3.086e+08      8.0e+08 9.5e+09 2.372e+09 100     0       0       AFE

5.022532e+08    -9.065448e+10   2.189509e+12    5.453480e+08    8.0e+08 -3.6e+08        -1.5e+10        6.838e+11       -3.086e+08      8.0e+08 9.5e+09 2.372e+09 4       92      4       AFE
5.022532e+08    -9.065448e+10   2.189509e+12    5.453480e+08    8.0e+08 -3.6e+08        -1.5e+10        6.838e+11       -3.086e+08      8.0e+08 9.5e+09 2.372e+09 80      12      8       AFE
5.022532e+08    -9.065448e+10   2.189509e+12    5.453480e+08    8.0e+08 -3.6e+08        -1.5e+10        6.838e+11       -3.086e+08      8.0e+08 9.5e+09 2.372e+09 4       92      4       AFE

5.022532e+08    -9.065448e+10   2.189509e+12    5.453480e+08    8.0e+08 -3.6e+08        -1.5e+10        6.838e+11       -3.086e+08      8.0e+08 9.5e+09 2.372e+09 0       90      10      AFE
5.022532e+08    -9.065448e+10   2.189509e+12    5.453480e+08    8.0e+08 -3.6e+08        -1.5e+10        6.838e+11       -3.086e+08      8.0e+08 9.5e+09 2.372e+09 90      0       10      AFE
5.022532e+08    -9.065448e+10   2.189509e+12    5.453480e+08    8.0e+08 -3.6e+08        -1.5e+10        6.838e+11       -3.086e+08      8.0e+08 9.5e+09 2.372e+09 0       90      10      AFE

5.022532e+08    -9.065448e+10   2.189509e+12    5.453480e+08    8.0e+08 -3.6e+08        -1.5e+10        6.838e+11       -3.086e+08      8.0e+08 9.5e+09 2.372e+09 0       100     0       AFE
5.022532e+08    -9.065448e+10   2.189509e+12    5.453480e+08    8.0e+08 -3.6e+08        -1.5e+10        6.838e+11       -3.086e+08      8.0e+08 9.5e+09 2.372e+09 90      0       10      AFE
5.022532e+08    -9.065448e+10   2.189509e+12    5.453480e+08    8.0e+08 -3.6e+08        -1.5e+10        6.838e+11       -3.086e+08      8.0e+08 9.5e+09 2.372e+09 0       100     0       AFE
