# AFE params (5)                                                          FE params (5)                                                          DE params (2)         Phase Fractions (3)
# alpha_afe  beta_afe   gamma_afe   g_afe       a0_afe                    alpha_fe       beta_fe        gamma_fe         g_fe           a0_fe   alpha_de  a0_de AFE_frac  FE_frac  DE_frac Ref_mat

5.022532e+08    -9.065448e+10   2.189509e+12    5.453480e+08    1.0e+09 -2.98e+08       -8.520e+09      3.134e+11       -2.484e+08      1.0e+09 9.5e+09 2.372e+09 10        90      0       AFE
5.022532e+08    -9.065448e+10   2.189509e+12    5.453480e+08    1.0e+09 -2.98e+08       -8.520e+09      3.134e+11       -2.484e+08      1.0e+09 9.5e+09 2.372e+09 60        40      0       AFE
5.022532e+08    -9.065448e+10   2.189509e+12    5.453480e+08    1.0e+09 -2.98e+08       -8.520e+09      3.134e+11       -2.484e+08      1.0e+09 9.5e+09 2.372e+09 10        90      0       AFE

5.022532e+08    -9.065448e+10   2.189509e+12    5.453480e+08    1.0e+09 -2.98e+08       -8.520e+09      3.134e+11       -2.484e+08      1.0e+09 9.5e+09 2.372e+09 30        70      0       AFE
5.022532e+08    -9.065448e+10   2.189509e+12    5.453480e+08    1.0e+09 -2.98e+08       -8.520e+09      3.134e+11       -2.484e+08      1.0e+09 9.5e+09 2.372e+09 60        40      0       AFE
5.022532e+08    -9.065448e+10   2.189509e+12    5.453480e+08    1.0e+09 -2.98e+08       -8.520e+09      3.134e+11       -2.484e+08      1.0e+09 9.5e+09 2.372e+09 30        70      0       AFE

5.022532e+08    -9.065448e+10   2.189509e+12    5.453480e+08    1.0e+09 -2.98e+08       -8.520e+09      3.134e+11       -2.484e+08      1.0e+09 9.5e+09 2.372e+09 10        90      0       AFE
5.022532e+08    -9.065448e+10   2.189509e+12    5.453480e+08    1.0e+09 -2.98e+08       -8.520e+09      3.134e+11       -2.484e+08      1.0e+09 9.5e+09 2.372e+09 90        10      0       AFE
5.022532e+08    -9.065448e+10   2.189509e+12    5.453480e+08    1.0e+09 -2.98e+08       -8.520e+09      3.134e+11       -2.484e+08      1.0e+09 9.5e+09 2.372e+09 10        90      0       AFE

5.022532e+08    -9.065448e+10   2.189509e+12    5.453480e+08    1.0e+09 -2.98e+08       -8.520e+09      3.134e+11       -2.484e+08      1.0e+09 9.5e+09 2.372e+09 20        80      0       AFE
5.022532e+08    -9.065448e+10   2.189509e+12    5.453480e+08    1.0e+09 -2.98e+08       -8.520e+09      3.134e+11       -2.484e+08      1.0e+09 9.5e+09 2.372e+09 60        40      0       AFE
5.022532e+08    -9.065448e+10   2.189509e+12    5.453480e+08    1.0e+09 -2.98e+08       -8.520e+09      3.134e+11       -2.484e+08      1.0e+09 9.5e+09 2.372e+09 20        80      0       AFE

5.022532e+08    -9.065448e+10   2.189509e+12    5.453480e+08    1.0e+09 -2.98e+08       -8.520e+09      3.134e+11       -2.484e+08      1.0e+09 9.5e+09 2.372e+09 10        90      0       AFE
5.022532e+08    -9.065448e+10   2.189509e+12    5.453480e+08    1.0e+09 -2.98e+08       -8.520e+09      3.134e+11       -2.484e+08      1.0e+09 9.5e+09 2.372e+09 70        30      0       AFE
5.022532e+08    -9.065448e+10   2.189509e+12    5.453480e+08    1.0e+09 -2.98e+08       -8.520e+09      3.134e+11       -2.484e+08      1.0e+09 9.5e+09 2.372e+09 10        90      0       AFE

5.022532e+08    -9.065448e+10   2.189509e+12    5.453480e+08    1.0e+09 -2.98e+08       -8.520e+09      3.134e+11       -2.484e+08      1.0e+09 9.5e+09 2.372e+09 20        80      0       AFE
5.022532e+08    -9.065448e+10   2.189509e+12    5.453480e+08    1.0e+09 -2.98e+08       -8.520e+09      3.134e+11       -2.484e+08      1.0e+09 9.5e+09 2.372e+09 70        30      0       AFE
5.022532e+08    -9.065448e+10   2.189509e+12    5.453480e+08    1.0e+09 -2.98e+08       -8.520e+09      3.134e+11       -2.484e+08      1.0e+09 9.5e+09 2.372e+09 20        80      0       AFE

5.022532e+08    -9.065448e+10   2.189509e+12    5.453480e+08    1.0e+09 -2.98e+08       -8.520e+09      3.134e+11       -2.484e+08      1.0e+09 9.5e+09 2.372e+09 30        70      0       AFE
5.022532e+08    -9.065448e+10   2.189509e+12    5.453480e+08    1.0e+09 -2.98e+08       -8.520e+09      3.134e+11       -2.484e+08      1.0e+09 9.5e+09 2.372e+09 70        30      0       AFE
5.022532e+08    -9.065448e+10   2.189509e+12    5.453480e+08    1.0e+09 -2.98e+08       -8.520e+09      3.134e+11       -2.484e+08      1.0e+09 9.5e+09 2.372e+09 30        70      0       AFE
