3.000000e+00	2.284879e+01	1.799479e+00	2.787832e+01	6.818252e+00	0.000000e+00	0.000000e+00	2.284879e+01	1.000000e+00	0.000000e+00	0.000000e+00	16800
2.850000e+00	2.272885e+01	1.595397e+00	2.810742e+01	6.354672e+00	0.000000e+00	0.000000e+00	2.272885e+01	1.000000e+00	0.000000e+00	0.000000e+00	17600
2.700000e+00	2.247808e+01	1.504557e+00	2.803670e+01	6.146689e+00	0.000000e+00	0.000000e+00	2.247808e+01	1.000000e+00	0.000000e+00	0.000000e+00	18400
2.550000e+00	2.214684e+01	1.480925e+00	2.778022e+01	6.096083e+00	0.000000e+00	0.000000e+00	2.214684e+01	1.000000e+00	0.000000e+00	0.000000e+00	19200
2.400000e+00	2.176531e+01	1.497243e+00	2.741214e+01	6.139998e+00	0.000000e+00	0.000000e+00	2.176531e+01	1.000000e+00	0.000000e+00	0.000000e+00	20000
2.250000e+00	2.134553e+01	1.541709e+00	2.696561e+01	6.248982e+00	0.000000e+00	0.000000e+00	2.134553e+01	1.000000e+00	0.000000e+00	0.000000e+00	20800
2.100000e+00	2.089219e+01	1.608460e+00	2.645690e+01	6.406389e+00	0.000000e+00	0.000000e+00	2.089219e+01	1.000000e+00	0.000000e+00	0.000000e+00	21600
1.950000e+00	2.040385e+01	1.696446e+00	2.588817e+01	6.606358e+00	0.000000e+00	0.000000e+00	2.040385e+01	1.000000e+00	0.000000e+00	0.000000e+00	22400
1.800000e+00	1.987377e+01	1.809211e+00	2.525037e+01	6.852736e+00	0.000000e+00	0.000000e+00	1.987377e+01	1.000000e+00	0.000000e+00	0.000000e+00	23200
1.650000e+00	1.929029e+01	1.954361e+00	2.452571e+01	7.156522e+00	0.000000e+00	0.000000e+00	1.929029e+01	1.000000e+00	0.000000e+00	0.000000e+00	24000
1.500000e+00	1.863572e+01	2.143779e+00	2.368665e+01	7.535087e+00	0.000000e+00	0.000000e+00	1.863572e+01	1.000000e+00	0.000000e+00	0.000000e+00	24800
1.350000e+00	1.787800e+01	2.399601e+00	2.267941e+01	8.024678e+00	0.000000e+00	0.000000e+00	1.787800e+01	1.000000e+00	0.000000e+00	0.000000e+00	25600
1.200000e+00	1.696810e+01	2.761263e+00	2.142607e+01	8.690736e+00	0.000000e+00	0.000000e+00	1.696810e+01	1.000000e+00	0.000000e+00	0.000000e+00	26400
1.050000e+00	1.586886e+01	3.257847e+00	1.990209e+01	9.554756e+00	0.000000e+00	0.000000e+00	1.586886e+01	1.000000e+00	0.000000e+00	0.000000e+00	27200
9.000000e-01	1.448454e+01	3.968039e+00	1.798396e+01	1.071817e+01	0.000000e+00	0.000000e+00	1.448454e+01	1.000000e+00	0.000000e+00	0.000000e+00	28000
7.500000e-01	1.267299e+01	5.024259e+00	1.549212e+01	1.236062e+01	0.000000e+00	0.000000e+00	1.267299e+01	1.000000e+00	0.000000e+00	0.000000e+00	28800
6.000000e-01	1.034522e+01	6.482414e+00	1.237356e+01	1.450353e+01	0.000000e+00	0.000000e+00	1.034522e+01	1.000000e+00	0.000000e+00	0.000000e+00	29600
4.500000e-01	7.471815e+00	8.337975e+00	8.690014e+00	1.705754e+01	0.000000e+00	0.000000e+00	7.471815e+00	1.000000e+00	0.000000e+00	0.000000e+00	30400
3.000000e-01	4.227578e+00	1.039822e+01	4.753709e+00	1.968867e+01	0.000000e+00	0.000000e+00	4.227578e+00	1.000000e+00	0.000000e+00	0.000000e+00	31200
1.500000e-01	1.456089e+00	1.213232e+01	1.584313e+00	2.176462e+01	0.000000e+00	0.000000e+00	1.456089e+00	1.000000e+00	0.000000e+00	0.000000e+00	32000
-2.848511e-16	1.324784e-01	1.285857e+01	1.595425e-01	2.263605e+01	0.000000e+00	0.000000e+00	1.324784e-01	1.000000e+00	0.000000e+00	0.000000e+00	32800
-1.500000e-01	-4.468367e-01	1.308295e+01	-3.880259e-01	2.292403e+01	0.000000e+00	0.000000e+00	-4.468367e-01	1.000000e+00	0.000000e+00	0.000000e+00	33600
-3.000000e-01	-9.157364e-01	1.322317e+01	-8.037305e-01	2.310777e+01	0.000000e+00	0.000000e+00	-9.157364e-01	1.000000e+00	0.000000e+00	0.000000e+00	34400
-4.500000e-01	-1.380909e+00	1.331417e+01	-1.214523e+00	2.322777e+01	0.000000e+00	0.000000e+00	-1.380909e+00	1.000000e+00	0.000000e+00	0.000000e+00	35200
-6.000000e-01	-1.862574e+00	1.337470e+01	-1.644740e+00	2.330831e+01	0.000000e+00	0.000000e+00	-1.862574e+00	1.000000e+00	0.000000e+00	0.000000e+00	36000
-7.500000e-01	-2.377897e+00	1.340916e+01	-2.115520e+00	2.335589e+01	0.000000e+00	0.000000e+00	-2.377897e+00	1.000000e+00	0.000000e+00	0.000000e+00	36800
-9.000000e-01	-2.947768e+00	1.340471e+01	-2.651264e+00	2.335672e+01	0.000000e+00	0.000000e+00	-2.947768e+00	1.000000e+00	0.000000e+00	0.000000e+00	37600
-1.050000e+00	-3.613603e+00	1.333813e+01	-3.298916e+00	2.328414e+01	0.000000e+00	0.000000e+00	-3.613603e+00	1.000000e+00	0.000000e+00	0.000000e+00	38400
-1.200000e+00	-4.451287e+00	1.316050e+01	-4.144963e+00	2.308330e+01	0.000000e+00	0.000000e+00	-4.451287e+00	1.000000e+00	0.000000e+00	0.000000e+00	39200
-1.350000e+00	-5.574500e+00	1.276016e+01	-5.319876e+00	2.262921e+01	0.000000e+00	0.000000e+00	-5.574500e+00	1.000000e+00	0.000000e+00	0.000000e+00	40000
-1.500000e+00	-7.080545e+00	1.201613e+01	-6.945391e+00	2.178243e+01	0.000000e+00	0.000000e+00	-7.080545e+00	1.000000e+00	0.000000e+00	0.000000e+00	40800
-1.650000e+00	-9.065739e+00	1.079814e+01	-9.151371e+00	2.038786e+01	0.000000e+00	0.000000e+00	-9.065739e+00	1.000000e+00	0.000000e+00	0.000000e+00	41600
-1.800000e+00	-1.147637e+01	9.143946e+00	-1.192339e+01	1.844232e+01	0.000000e+00	0.000000e+00	-1.147637e+01	1.000000e+00	0.000000e+00	0.000000e+00	42400
-1.950000e+00	-1.377215e+01	7.594400e+00	-1.472785e+01	1.646872e+01	0.000000e+00	0.000000e+00	-1.377215e+01	1.000000e+00	0.000000e+00	0.000000e+00	43200
-2.100000e+00	-1.581507e+01	6.207215e+00	-1.738679e+01	1.454646e+01	0.000000e+00	0.000000e+00	-1.581507e+01	1.000000e+00	0.000000e+00	0.000000e+00	44000
-2.250000e+00	-1.752595e+01	5.047989e+00	-1.974441e+01	1.279463e+01	0.000000e+00	0.000000e+00	-1.752595e+01	1.000000e+00	0.000000e+00	0.000000e+00	44800
-2.400000e+00	-1.894761e+01	4.085526e+00	-2.179851e+01	1.122238e+01	0.000000e+00	0.000000e+00	-1.894761e+01	1.000000e+00	0.000000e+00	0.000000e+00	45600
-2.550000e+00	-2.016485e+01	3.264938e+00	-2.362483e+01	9.784056e+00	0.000000e+00	0.000000e+00	-2.016485e+01	1.000000e+00	0.000000e+00	0.000000e+00	46400
-2.700000e+00	-2.118800e+01	2.618011e+00	-2.520632e+01	8.558353e+00	0.000000e+00	0.000000e+00	-2.118800e+01	1.000000e+00	0.000000e+00	0.000000e+00	47200
-2.850000e+00	-2.207259e+01	2.096328e+00	-2.660148e+01	7.498601e+00	0.000000e+00	0.000000e+00	-2.207259e+01	1.000000e+00	0.000000e+00	0.000000e+00	48000
-3.000000e+00	-2.281473e+01	1.710278e+00	-2.777427e+01	6.653659e+00	0.000000e+00	0.000000e+00	-2.281473e+01	1.000000e+00	0.000000e+00	0.000000e+00	48800
-2.850000e+00	-2.268420e+01	1.536209e+00	-2.798293e+01	6.252713e+00	0.000000e+00	0.000000e+00	-2.268420e+01	1.000000e+00	0.000000e+00	0.000000e+00	49600
-2.700000e+00	-2.243272e+01	1.459837e+00	-2.791302e+01	6.074532e+00	0.000000e+00	0.000000e+00	-2.243272e+01	1.000000e+00	0.000000e+00	0.000000e+00	50400
-2.550000e+00	-2.210782e+01	1.438106e+00	-2.767279e+01	6.026386e+00	0.000000e+00	0.000000e+00	-2.210782e+01	1.000000e+00	0.000000e+00	0.000000e+00	51200
-2.400000e+00	-2.173167e+01	1.453698e+00	-2.731910e+01	6.066162e+00	0.000000e+00	0.000000e+00	-2.173167e+01	1.000000e+00	0.000000e+00	0.000000e+00	52000
-2.250000e+00	-2.131599e+01	1.495944e+00	-2.688397e+01	6.166940e+00	0.000000e+00	0.000000e+00	-2.131599e+01	1.000000e+00	0.000000e+00	0.000000e+00	52800
-2.100000e+00	-2.086515e+01	1.559726e+00	-2.638270e+01	6.313810e+00	0.000000e+00	0.000000e+00	-2.086515e+01	1.000000e+00	0.000000e+00	0.000000e+00	53600
-1.950000e+00	-2.037790e+01	1.644214e+00	-2.581800e+01	6.501481e+00	0.000000e+00	0.000000e+00	-2.037790e+01	1.000000e+00	0.000000e+00	0.000000e+00	54400
-1.800000e+00	-1.984794e+01	1.753079e+00	-2.518187e+01	6.734233e+00	0.000000e+00	0.000000e+00	-1.984794e+01	1.000000e+00	0.000000e+00	0.000000e+00	55200
-1.650000e+00	-1.926396e+01	1.894125e+00	-2.445727e+01	7.023823e+00	0.000000e+00	0.000000e+00	-1.926396e+01	1.000000e+00	0.000000e+00	0.000000e+00	56000
-1.500000e+00	-1.860829e+01	2.079860e+00	-2.361676e+01	7.390099e+00	0.000000e+00	0.000000e+00	-1.860829e+01	1.000000e+00	0.000000e+00	0.000000e+00	56800
-1.350000e+00	-1.784964e+01	2.331811e+00	-2.260879e+01	7.868539e+00	0.000000e+00	0.000000e+00	-1.784964e+01	1.000000e+00	0.000000e+00	0.000000e+00	57600
-1.200000e+00	-1.694025e+01	2.688135e+00	-2.135840e+01	8.522328e+00	0.000000e+00	0.000000e+00	-1.694025e+01	1.000000e+00	0.000000e+00	0.000000e+00	58400
-1.050000e+00	-1.584381e+01	3.174375e+00	-1.984259e+01	9.365835e+00	0.000000e+00	0.000000e+00	-1.584381e+01	1.000000e+00	0.000000e+00	0.000000e+00	59200
-9.000000e-01	-1.446673e+01	3.860145e+00	-1.794117e+01	1.048431e+01	0.000000e+00	0.000000e+00	-1.446673e+01	1.000000e+00	0.000000e+00	0.000000e+00	60000
-7.500000e-01	-1.266588e+01	4.874117e+00	-1.547209e+01	1.205546e+01	0.000000e+00	0.000000e+00	-1.266588e+01	1.000000e+00	0.000000e+00	0.000000e+00	60800
-6.000000e-01	-1.034810e+01	6.273654e+00	-1.237521e+01	1.410727e+01	0.000000e+00	0.000000e+00	-1.034810e+01	1.000000e+00	0.000000e+00	0.000000e+00	61600
-4.500000e-01	-7.472906e+00	8.051182e+00	-8.691709e+00	1.655140e+01	0.000000e+00	0.000000e+00	-7.472906e+00	1.000000e+00	0.000000e+00	0.000000e+00	62400
-3.000000e-01	-4.223153e+00	1.000685e+01	-4.747664e+00	1.904675e+01	0.000000e+00	0.000000e+00	-4.223153e+00	1.000000e+00	0.000000e+00	0.000000e+00	63200
-1.500000e-01	-1.458670e+00	1.164912e+01	-1.586505e+00	2.100761e+01	0.000000e+00	0.000000e+00	-1.458670e+00	1.000000e+00	0.000000e+00	0.000000e+00	64000
-3.662371e-16	-1.362804e-01	1.233566e+01	-1.636774e-01	2.183239e+01	0.000000e+00	0.000000e+00	-1.362804e-01	1.000000e+00	0.000000e+00	0.000000e+00	64800
1.500000e-01	4.488074e-01	1.255870e+01	3.896853e-01	2.211879e+01	0.000000e+00	0.000000e+00	4.488074e-01	1.000000e+00	0.000000e+00	0.000000e+00	65600
3.000000e-01	9.213339e-01	1.270343e+01	8.088948e-01	2.230828e+01	0.000000e+00	0.000000e+00	9.213339e-01	1.000000e+00	0.000000e+00	0.000000e+00	66400
4.500000e-01	1.388595e+00	1.280109e+01	1.221116e+00	2.243710e+01	0.000000e+00	0.000000e+00	1.388595e+00	1.000000e+00	0.000000e+00	0.000000e+00	67200
6.000000e-01	1.873074e+00	1.286762e+01	1.653689e+00	2.252534e+01	0.000000e+00	0.000000e+00	1.873074e+00	1.000000e+00	0.000000e+00	0.000000e+00	68000
7.500000e-01	2.391140e+00	1.290566e+01	2.126739e+00	2.257717e+01	0.000000e+00	0.000000e+00	2.391140e+00	1.000000e+00	0.000000e+00	0.000000e+00	68800
9.000000e-01	2.965924e+00	1.290441e+01	2.667192e+00	2.258123e+01	0.000000e+00	0.000000e+00	2.965924e+00	1.000000e+00	0.000000e+00	0.000000e+00	69600
1.050000e+00	3.639938e+00	1.284183e+01	3.323578e+00	2.251279e+01	0.000000e+00	0.000000e+00	3.639938e+00	1.000000e+00	0.000000e+00	0.000000e+00	70400
1.200000e+00	4.488872e+00	1.266846e+01	4.182091e+00	2.231724e+01	0.000000e+00	0.000000e+00	4.488872e+00	1.000000e+00	0.000000e+00	0.000000e+00	71200
1.350000e+00	5.628351e+00	1.227472e+01	5.375267e+00	2.187178e+01	0.000000e+00	0.000000e+00	5.628351e+00	1.000000e+00	0.000000e+00	0.000000e+00	72000
1.500000e+00	7.149298e+00	1.154496e+01	7.017598e+00	2.104232e+01	0.000000e+00	0.000000e+00	7.149298e+00	1.000000e+00	0.000000e+00	0.000000e+00	72800
1.650000e+00	9.129747e+00	1.036211e+01	9.218470e+00	1.968832e+01	0.000000e+00	0.000000e+00	9.129747e+00	1.000000e+00	0.000000e+00	0.000000e+00	73600
1.800000e+00	1.151793e+01	8.767349e+00	1.196534e+01	1.781199e+01	0.000000e+00	0.000000e+00	1.151793e+01	1.000000e+00	0.000000e+00	0.000000e+00	74400
1.950000e+00	1.378505e+01	7.291714e+00	1.473516e+01	1.593036e+01	0.000000e+00	0.000000e+00	1.378505e+01	1.000000e+00	0.000000e+00	0.000000e+00	75200
2.100000e+00	1.581473e+01	5.987572e+00	1.737798e+01	1.411732e+01	0.000000e+00	0.000000e+00	1.581473e+01	1.000000e+00	0.000000e+00	0.000000e+00	76000
2.250000e+00	1.753059e+01	4.902019e+00	1.974270e+01	1.247042e+01	0.000000e+00	0.000000e+00	1.753059e+01	1.000000e+00	0.000000e+00	0.000000e+00	76800
2.400000e+00	1.895555e+01	3.979635e+00	2.180144e+01	1.096548e+01	0.000000e+00	0.000000e+00	1.895555e+01	1.000000e+00	0.000000e+00	0.000000e+00	77600
2.550000e+00	2.016829e+01	3.184406e+00	2.361796e+01	9.577910e+00	0.000000e+00	0.000000e+00	2.016829e+01	1.000000e+00	0.000000e+00	0.000000e+00	78400
2.700000e+00	2.118266e+01	2.560439e+00	2.518157e+01	8.400649e+00	0.000000e+00	0.000000e+00	2.118266e+01	1.000000e+00	0.000000e+00	0.000000e+00	79200
2.850000e+00	2.205783e+01	2.056826e+00	2.655809e+01	7.380905e+00	0.000000e+00	0.000000e+00	2.205783e+01	1.000000e+00	0.000000e+00	0.000000e+00	80000
3.000000e+00	2.279888e+01	1.676088e+00	2.772589e+01	6.553384e+00	0.000000e+00	0.000000e+00	2.279888e+01	1.000000e+00	0.000000e+00	0.000000e+00	80800
