6.162096e+08	-8.889063e+10	2.096084e+12	5.300139e+08	3.910807e+09	-5.775179e+08	-1.454680e+10	5.183310e+11	-3.950201e+08	5.480015e+08	9.500000e+09	2.372000e+09	19.422134	40.321195	40.256671	AFE
6.578033e+08	-1.270299e+11	3.533847e+12	7.268086e+08	3.483130e+09	-7.658852e+08	-2.523474e+10	1.598651e+12	-4.244337e+08	3.157860e+08	9.500000e+09	2.372000e+09	19.422134	40.321195	40.256671	AFE
7.022042e+08	-1.193170e+11	3.178850e+12	7.016823e+08	1.539414e+09	-6.723539e+08	-9.067763e+09	1.198989e+12	-3.924652e+08	4.297502e+08	9.500000e+09	2.372000e+09	23.786821	63.290324	12.922855	AFE
5.804051e+08	-6.408877e+10	1.254005e+12	4.549214e+08	1.561546e+09	-5.234205e+08	-2.326481e+10	5.880404e+11	-1.892976e+08	9.777084e+08	9.500000e+09	2.372000e+09	42.968779	17.810825	39.220396	AFE
5.551454e+08	-6.842178e+10	1.727262e+12	4.966690e+08	1.404642e+09	-5.271829e+08	-2.367175e+10	1.147041e+12	-4.572977e+08	6.427393e+08	9.500000e+09	2.372000e+09	72.297502	14.418545	13.283953	AFE
8.013900e+08	-1.908870e+11	5.378839e+12	9.304600e+08	1.615691e+09	-5.510485e+08	-7.001776e+09	4.327812e+11	-3.532254e+08	6.020731e+08	9.500000e+09	2.372000e+09	61.757056	17.132319	21.110625	AFE
5.982481e+08	-1.259726e+11	3.573716e+12	7.959493e+08	2.879887e+09	-6.124534e+08	-2.603131e+10	1.768953e+12	-2.733992e+08	8.099288e+08	9.500000e+09	2.372000e+09	40.490864	50.662114	8.847022	AFE
5.960540e+08	-6.384023e+10	1.056258e+12	4.860440e+08	3.918308e+09	-5.523088e+08	-2.234503e+10	1.574101e+12	-3.118079e+08	8.679571e+08	9.500000e+09	2.372000e+09	6.545384	64.776549	28.678067	AFE
7.279055e+08	-1.042300e+11	2.805931e+12	5.948241e+08	1.770270e+09	-8.318967e+08	-2.890109e+10	3.703382e+12	-4.306666e+08	8.619666e+08	9.500000e+09	2.372000e+09	49.781915	15.631231	34.586854	AFE
7.840723e+08	-1.525561e+11	4.049296e+12	8.177582e+08	2.127836e+09	-3.682063e+08	-1.266719e+10	9.400136e+10	-2.333412e+08	4.114917e+08	9.500000e+09	2.372000e+09	23.786821	63.290324	12.922855	AFE
6.787544e+08	-1.000126e+11	2.286697e+12	5.670717e+08	2.426254e+09	-8.692786e+08	-1.689991e+10	3.605705e+12	-3.848352e+08	5.680964e+08	9.500000e+09	2.372000e+09	12.846607	73.340222	13.813171	AFE
7.541984e+08	-1.250729e+11	3.208696e+12	6.703580e+08	3.353007e+09	-4.064261e+08	-1.260643e+10	2.886129e+11	-1.236522e+08	2.882402e+08	9.500000e+09	2.372000e+09	49.781915	15.631231	34.586854	AFE
6.475003e+08	-1.115851e+11	2.624958e+12	8.297706e+08	3.395926e+09	-9.939978e+08	-2.721648e+10	7.883507e+12	-4.715013e+08	2.017493e+08	9.500000e+09	2.372000e+09	52.405897	27.105459	20.488644	AFE
7.243189e+08	-1.286589e+11	3.377621e+12	7.330582e+08	3.764328e+09	-5.712073e+08	-1.424688e+10	4.031827e+11	-4.033476e+08	8.370788e+08	9.500000e+09	2.372000e+09	72.297502	14.418545	13.283953	AFE
7.408556e+08	-1.219986e+11	3.235465e+12	7.595649e+08	3.103971e+09	-2.318380e+08	-1.427828e+10	1.418839e+11	-3.666874e+08	7.664241e+08	9.500000e+09	2.372000e+09	12.743160	46.725753	40.531087	AFE
5.671109e+08	-7.202582e+10	1.567484e+12	5.568448e+08	1.303744e+09	-6.613286e+08	-1.339028e+10	1.463261e+12	-4.303487e+08	1.364971e+08	9.500000e+09	2.372000e+09	50.918935	13.359581	35.721484	AFE
6.273744e+08	-7.854890e+10	1.659106e+12	7.030908e+08	4.230659e+09	-6.587938e+08	-2.107110e+10	1.650029e+12	-3.349229e+08	5.230748e+08	9.500000e+09	2.372000e+09	41.468795	26.910249	31.620956	AFE
7.076999e+08	-9.663167e+10	2.518547e+12	6.616870e+08	3.083576e+09	-6.885563e+08	-2.281305e+10	1.186408e+12	-3.060280e+08	6.634561e+08	9.500000e+09	2.372000e+09	12.846607	73.340222	13.813171	AFE
7.315817e+08	-1.287645e+11	3.384979e+12	8.071922e+08	9.752184e+08	-4.510039e+08	-1.835344e+10	2.344444e+11	-2.029999e+08	6.363337e+08	9.500000e+09	2.372000e+09	42.968779	17.810825	39.220396	AFE
7.526351e+08	-1.472874e+11	3.513249e+12	8.412115e+08	2.609190e+09	-5.858613e+08	-2.058370e+10	2.079311e+12	-4.164157e+08	2.947910e+08	9.500000e+09	2.372000e+09	43.241081	26.921832	29.837087	AFE
5.542313e+08	-6.176331e+10	1.199260e+12	4.487693e+08	3.133249e+09	-8.802453e+08	-1.786110e+10	2.661941e+12	-3.750947e+08	3.873976e+08	9.500000e+09	2.372000e+09	10.836841	52.880707	36.282451	AFE
5.747152e+08	-6.891795e+10	1.658939e+12	5.599793e+08	4.655302e+09	-9.870674e+08	-1.018140e+10	5.750197e+12	-4.866393e+08	6.541020e+08	9.500000e+09	2.372000e+09	72.297502	14.418545	13.283953	AFE
7.967717e+08	-1.310577e+11	3.589992e+12	7.513653e+08	4.436996e+09	-1.063226e+09	-2.511477e+10	7.468257e+12	-4.821464e+08	5.214953e+08	9.500000e+09	2.372000e+09	55.635622	16.549777	27.814601	AFE
6.149853e+08	-1.130275e+11	2.829036e+12	7.077690e+08	2.790075e+09	-8.582845e+08	-2.387301e+10	2.045596e+12	-3.723887e+08	7.286835e+08	9.500000e+09	2.372000e+09	34.276605	59.557596	6.165799	AFE
5.702937e+08	-1.153461e+11	2.876145e+12	6.536320e+08	3.138317e+09	-7.894083e+08	-1.367447e+10	1.570120e+12	-4.096710e+08	5.891392e+08	9.500000e+09	2.372000e+09	50.918935	13.359581	35.721484	AFE
5.718827e+08	-6.130007e+10	1.255165e+12	6.132592e+08	1.993460e+09	-2.751491e+08	-2.176871e+10	1.928085e+11	-1.672401e+08	9.989175e+08	9.500000e+09	2.372000e+09	12.846607	73.340222	13.813171	AFE
7.506984e+08	-1.166784e+11	3.296522e+12	6.230725e+08	4.039488e+09	-3.144800e+08	-2.614567e+10	4.708024e+11	-1.298775e+08	5.166680e+08	9.500000e+09	2.372000e+09	72.297502	14.418545	13.283953	AFE
7.737337e+08	-1.218433e+11	3.354049e+12	7.180628e+08	1.913197e+09	-9.115714e+08	-9.133374e+09	1.060434e+12	-4.179961e+08	7.052131e+08	9.500000e+09	2.372000e+09	49.781915	15.631231	34.586854	AFE
6.743024e+08	-1.121887e+11	2.682112e+12	5.348429e+08	2.216931e+09	-1.075638e+09	-1.927626e+10	3.716558e+12	-4.732270e+08	2.689260e+08	9.500000e+09	2.372000e+09	34.276605	59.557596	6.165799	AFE
7.324661e+08	-1.253616e+11	3.619949e+12	7.540556e+08	3.826071e+09	-8.098850e+08	-2.821298e+10	3.812072e+12	-4.841483e+08	3.429932e+08	9.500000e+09	2.372000e+09	50.918935	13.359581	35.721484	AFE
6.421929e+08	-9.558166e+10	1.644680e+12	7.482356e+08	2.449875e+09	-4.514568e+08	-2.383880e+10	6.560262e+11	-1.355256e+08	4.713645e+08	9.500000e+09	2.372000e+09	12.846607	73.340222	13.813171	AFE
7.788088e+08	-1.545993e+11	4.119821e+12	9.214004e+08	1.751350e+09	-9.544644e+08	-1.912574e+10	3.663395e+12	-4.548957e+08	2.211179e+08	9.500000e+09	2.372000e+09	23.786821	63.290324	12.922855	AFE
5.147202e+08	-6.659693e+10	1.130280e+12	4.794789e+08	3.864014e+09	-3.732733e+08	-2.384861e+10	4.853228e+11	-1.444759e+08	3.953656e+08	9.500000e+09	2.372000e+09	40.490864	50.662114	8.847022	AFE
7.031361e+08	-1.333140e+11	3.836510e+12	7.529143e+08	2.929432e+09	-8.009824e+08	-4.822259e+09	4.683747e+11	-4.679970e+08	7.474080e+08	9.500000e+09	2.372000e+09	41.477034	31.884146	26.638820	AFE
7.166751e+08	-1.039349e+11	2.889280e+12	6.521258e+08	2.995692e+09	-9.155290e+08	-1.921070e+10	3.585162e+12	-3.876919e+08	8.591353e+08	9.500000e+09	2.372000e+09	19.264708	59.067449	21.667843	AFE
5.914792e+08	-8.069453e+10	1.427534e+12	7.799688e+08	2.515651e+09	-5.461443e+08	-8.222792e+09	1.007207e+12	-4.112201e+08	4.176575e+08	9.500000e+09	2.372000e+09	49.778254	25.297902	24.923844	AFE
6.415600e+08	-1.067631e+11	2.399750e+12	7.669962e+08	1.210886e+09	-3.855383e+08	-2.469523e+10	3.131606e+11	-1.281963e+08	3.352141e+08	9.500000e+09	2.372000e+09	12.743160	46.725753	40.531087	AFE
7.881267e+08	-1.536938e+11	3.796059e+12	7.681137e+08	1.088799e+09	-4.630355e+08	-1.824982e+10	4.971080e+11	-3.166372e+08	6.841057e+08	9.500000e+09	2.372000e+09	12.846607	73.340222	13.813171	AFE
7.580757e+08	-1.331520e+11	3.785905e+12	8.162666e+08	1.806444e+09	-8.783965e+08	-2.765528e+10	2.273267e+12	-4.159889e+08	8.190746e+08	9.500000e+09	2.372000e+09	12.743160	46.725753	40.531087	AFE
7.181838e+08	-1.000915e+11	2.471841e+12	6.189644e+08	2.403545e+09	-5.172334e+08	-1.493395e+10	6.216311e+11	-2.900911e+08	7.321885e+08	9.500000e+09	2.372000e+09	12.743160	46.725753	40.531087	AFE
7.840723e+08	-1.525561e+11	4.049296e+12	8.177582e+08	2.127836e+09	-3.682063e+08	-1.266719e+10	9.400136e+10	-2.333412e+08	4.114917e+08	9.500000e+09	2.372000e+09	33.713125	34.137007	32.149867	AFE
7.825818e+08	-1.542448e+11	4.287043e+12	8.800404e+08	3.284333e+09	-1.056188e+09	-1.134569e+10	5.022767e+12	-4.703508e+08	6.270952e+08	9.500000e+09	2.372000e+09	26.512322	38.221038	35.266639	AFE
5.643941e+08	-8.002966e+10	2.108430e+12	6.536418e+08	9.643622e+08	-6.087641e+08	-2.413513e+10	1.673971e+12	-3.061983e+08	7.640042e+08	9.500000e+09	2.372000e+09	21.600969	39.984328	38.414704	AFE
6.713587e+08	-8.313904e+10	2.182281e+12	5.098322e+08	2.061942e+09	-4.539343e+08	-2.716580e+10	6.360923e+11	-3.018413e+08	8.422321e+08	9.500000e+09	2.372000e+09	52.541462	8.558492	38.900046	AFE
6.584219e+08	-9.664871e+10	2.635079e+12	6.998974e+08	3.797198e+09	-5.570412e+08	-2.876070e+10	1.503703e+12	-2.611803e+08	7.172688e+08	9.500000e+09	2.372000e+09	19.184062	62.039017	18.776922	AFE
6.916346e+08	-1.280331e+11	3.386778e+12	8.356217e+08	1.370007e+09	-9.401767e+08	-2.113341e+10	3.279766e+12	-4.173019e+08	3.988176e+08	9.500000e+09	2.372000e+09	45.888593	20.262164	33.849244	AFE
5.358626e+08	-5.589913e+10	1.200324e+12	4.092630e+08	1.645119e+09	-9.043896e+08	-1.605093e+10	3.040869e+12	-4.303151e+08	5.046534e+08	9.500000e+09	2.372000e+09	34.276605	59.557596	6.165799	AFE
6.953004e+08	-1.522212e+11	4.173884e+12	7.425706e+08	3.764346e+09	-8.612534e+08	-2.409154e+10	2.731291e+12	-4.127290e+08	7.328738e+08	9.500000e+09	2.372000e+09	51.065327	24.664131	24.270542	AFE
6.427631e+08	-1.060244e+11	2.373977e+12	7.036837e+08	3.843635e+09	-3.110065e+08	-2.027590e+10	3.335147e+11	-1.909171e+08	8.020587e+08	9.500000e+09	2.372000e+09	41.468795	26.910249	31.620956	AFE
6.508900e+08	-1.072597e+11	2.874895e+12	6.295092e+08	1.469891e+09	-4.839494e+08	-2.329649e+10	5.840323e+11	-1.450101e+08	2.736395e+08	9.500000e+09	2.372000e+09	52.541462	8.558492	38.900046	AFE
5.739879e+08	-6.100050e+10	1.118568e+12	3.872541e+08	4.957665e+09	-4.780688e+08	-2.190584e+10	3.525540e+11	-1.826945e+08	6.527131e+08	9.500000e+09	2.372000e+09	72.297502	14.418545	13.283953	AFE
5.577097e+08	-5.854456e+10	7.422621e+11	7.178396e+08	3.187675e+09	-8.859735e+08	-2.525107e+10	5.597542e+12	-4.514332e+08	7.960784e+08	9.500000e+09	2.372000e+09	28.977322	47.150660	23.872017	AFE
5.405292e+08	-7.431833e+10	1.548395e+12	4.380126e+08	3.077854e+09	-4.815104e+08	-6.983546e+09	4.422637e+11	-3.330633e+08	2.636448e+08	9.500000e+09	2.372000e+09	12.743160	46.725753	40.531087	AFE
5.542313e+08	-6.176331e+10	1.199260e+12	4.487693e+08	3.133249e+09	-8.802453e+08	-1.786110e+10	2.661941e+12	-3.750947e+08	3.873976e+08	9.500000e+09	2.372000e+09	72.297502	14.418545	13.283953	AFE
6.132770e+08	-1.169961e+11	2.922207e+12	6.714461e+08	3.207116e+09	-3.555433e+08	-2.288914e+10	9.776362e+11	-3.732653e+08	3.452649e+08	9.500000e+09	2.372000e+09	34.276605	59.557596	6.165799	AFE
5.500130e+08	-8.690897e+10	2.344172e+12	6.552689e+08	1.618348e+09	-8.169683e+08	-2.128846e+10	2.575046e+12	-4.040519e+08	7.195522e+08	9.500000e+09	2.372000e+09	49.781915	15.631231	34.586854	AFE
7.688419e+08	-1.722559e+11	4.749170e+12	8.098337e+08	4.083766e+09	-6.769050e+08	-2.281580e+10	1.046018e+12	-4.104449e+08	6.299434e+08	9.500000e+09	2.372000e+09	12.846607	73.340222	13.813171	AFE
8.078130e+08	-1.661086e+11	4.334051e+12	7.903895e+08	1.629723e+09	-5.060582e+08	-2.678518e+10	1.476222e+12	-3.182993e+08	8.728082e+08	9.500000e+09	2.372000e+09	72.297502	14.418545	13.283953	AFE
6.285482e+08	-1.051163e+11	2.185919e+12	7.070056e+08	1.479452e+09	-8.457079e+08	-1.379456e+10	2.995042e+12	-3.978900e+08	3.219865e+08	9.500000e+09	2.372000e+09	72.297502	14.418545	13.283953	AFE
5.784610e+08	-1.092850e+11	2.748728e+12	6.215333e+08	8.333121e+08	-5.059525e+08	-1.403308e+10	3.288164e+11	-3.022476e+08	7.445488e+08	9.500000e+09	2.372000e+09	12.846607	73.340222	13.813171	AFE
7.388771e+08	-1.060517e+11	2.714121e+12	6.384294e+08	3.530813e+09	-8.529427e+08	-1.529486e+10	2.001387e+12	-3.720668e+08	6.417323e+08	9.500000e+09	2.372000e+09	40.490864	50.662114	8.847022	AFE
5.894225e+08	-9.032227e+10	1.971298e+12	6.881673e+08	2.615271e+09	-8.296877e+08	-2.028982e+10	2.963754e+12	-4.264712e+08	7.204819e+08	9.500000e+09	2.372000e+09	6.722839	49.149542	44.127619	AFE
5.684259e+08	-6.953169e+10	1.658603e+12	3.666399e+08	1.511413e+09	-9.870541e+08	-2.263030e+10	6.092330e+12	-4.509599e+08	8.198298e+08	9.500000e+09	2.372000e+09	34.429149	31.151487	34.419364	AFE
6.713428e+08	-1.012053e+11	2.657580e+12	7.112302e+08	1.959179e+09	-2.881578e+08	-1.524739e+10	2.763418e+11	-1.106458e+08	1.989896e+08	9.500000e+09	2.372000e+09	72.297502	14.418545	13.283953	AFE
6.319553e+08	-9.694838e+10	2.050951e+12	7.010876e+08	2.747362e+09	-9.819973e+08	-2.481329e+10	6.105787e+12	-4.386469e+08	3.839506e+08	9.500000e+09	2.372000e+09	12.846607	73.340222	13.813171	AFE
5.084665e+08	-5.844977e+10	1.153311e+12	5.631647e+08	3.872327e+09	-5.183368e+08	-1.969236e+10	8.387680e+11	-3.292928e+08	3.486057e+08	9.500000e+09	2.372000e+09	52.541462	8.558492	38.900046	AFE
5.939552e+08	-9.600513e+10	2.261811e+12	7.594100e+08	4.671474e+09	-8.610072e+08	-1.999107e+10	3.616953e+12	-4.328793e+08	8.299631e+08	9.500000e+09	2.372000e+09	43.880942	48.670760	7.448299	AFE
6.576117e+08	-8.925504e+10	2.356946e+12	6.186049e+08	3.637163e+09	-8.063756e+08	-2.601124e+10	3.740783e+12	-4.298812e+08	5.305444e+08	9.500000e+09	2.372000e+09	19.184062	62.039017	18.776922	AFE
6.714402e+08	-1.392542e+11	3.628976e+12	7.610449e+08	1.658906e+09	-6.831814e+08	-1.790104e+10	8.378030e+11	-3.887356e+08	6.765637e+08	9.500000e+09	2.372000e+09	43.241081	26.921832	29.837087	AFE
5.715239e+08	-9.946993e+10	2.385588e+12	5.795749e+08	2.162543e+09	-8.617759e+08	-1.514411e+09	2.506769e+12	-4.669763e+08	6.177302e+08	9.500000e+09	2.372000e+09	72.297502	14.418545	13.283953	AFE
7.937362e+08	-1.535515e+11	4.402072e+12	8.518715e+08	3.591481e+09	-3.741652e+08	-1.736126e+10	4.323968e+11	-3.135356e+08	7.078066e+08	9.500000e+09	2.372000e+09	72.297502	14.418545	13.283953	AFE
5.380738e+08	-1.002055e+11	2.320790e+12	6.604933e+08	4.166098e+09	-9.481847e+08	-1.450615e+10	3.934418e+12	-4.935620e+08	2.238615e+08	9.500000e+09	2.372000e+09	42.968779	17.810825	39.220396	AFE
5.019731e+08	-8.064185e+10	2.367330e+12	6.084787e+08	4.638325e+09	-8.092691e+08	-2.254549e+10	3.547467e+12	-4.005340e+08	7.501327e+08	9.500000e+09	2.372000e+09	21.600969	39.984328	38.414704	AFE
6.594552e+08	-8.982787e+10	2.330869e+12	6.523120e+08	3.269562e+09	-7.330935e+08	-2.018613e+10	2.685836e+12	-3.424963e+08	4.258436e+08	9.500000e+09	2.372000e+09	6.545384	64.776549	28.678067	AFE
5.945780e+08	-1.095707e+11	2.749752e+12	6.367762e+08	2.945336e+09	-3.377008e+08	-2.011325e+10	4.785057e+11	-2.069798e+08	1.952092e+08	9.500000e+09	2.372000e+09	12.743160	46.725753	40.531087	AFE
7.603893e+08	-1.300310e+11	3.287464e+12	7.504143e+08	4.452242e+09	-6.632657e+08	-5.506215e+09	4.739239e+11	-4.193642e+08	5.945046e+08	9.500000e+09	2.372000e+09	12.846607	73.340222	13.813171	AFE
7.714590e+08	-1.522508e+11	3.831565e+12	8.037644e+08	1.487306e+09	-7.885759e+08	-7.341175e+09	3.217178e+12	-4.977713e+08	5.014282e+08	9.500000e+09	2.372000e+09	12.743160	46.725753	40.531087	AFE
7.683387e+08	-1.222454e+11	3.091295e+12	8.381114e+08	4.326175e+09	-5.135118e+08	-2.438503e+10	7.433341e+11	-3.179549e+08	4.299889e+08	9.500000e+09	2.372000e+09	72.297502	14.418545	13.283953	AFE
6.375205e+08	-1.346488e+11	3.858981e+12	7.872996e+08	2.215567e+09	-3.232448e+08	-2.446912e+10	3.747132e+11	-1.217593e+08	3.122155e+08	9.500000e+09	2.372000e+09	72.297502	14.418545	13.283953	AFE
8.113815e+08	-1.714969e+11	4.629756e+12	8.509197e+08	1.818336e+09	-8.370773e+08	-2.199509e+10	4.222477e+12	-3.972927e+08	3.305120e+08	9.500000e+09	2.372000e+09	21.600969	39.984328	38.414704	AFE
6.077163e+08	-7.520602e+10	1.550048e+12	5.905627e+08	4.642591e+09	-3.597504e+08	-9.317829e+09	1.872474e+11	-1.072579e+08	5.132686e+08	9.500000e+09	2.372000e+09	61.757056	17.132319	21.110625	AFE
7.438692e+08	-9.961571e+10	2.409141e+12	6.849510e+08	3.754293e+09	-7.352279e+08	-9.874073e+09	2.050631e+12	-4.328754e+08	2.303831e+08	9.500000e+09	2.372000e+09	72.297502	14.418545	13.283953	AFE
6.674215e+08	-1.375911e+11	3.514016e+12	7.971428e+08	1.757121e+09	-8.821570e+08	-2.622671e+10	2.538845e+12	-3.727983e+08	3.610083e+08	9.500000e+09	2.372000e+09	23.786821	63.290324	12.922855	AFE
5.534077e+08	-6.255864e+10	1.286478e+12	4.176856e+08	3.820403e+09	-6.469505e+08	-2.414071e+10	9.046031e+11	-3.243116e+08	6.906159e+08	9.500000e+09	2.372000e+09	45.888593	20.262164	33.849244	AFE
7.042948e+08	-6.918785e+10	1.424257e+12	4.583831e+08	2.544546e+09	-6.299573e+08	-5.038735e+09	1.456511e+12	-4.324461e+08	7.232523e+08	9.500000e+09	2.372000e+09	19.422134	40.321195	40.256671	AFE
6.484758e+08	-1.318863e+11	3.820186e+12	7.598342e+08	4.716205e+09	-3.913727e+08	-2.596722e+10	8.398740e+11	-1.386480e+08	6.821363e+08	9.500000e+09	2.372000e+09	26.512322	38.221038	35.266639	AFE
7.634525e+08	-1.525502e+11	4.250869e+12	8.027211e+08	3.458322e+09	-5.141529e+08	-7.862683e+09	3.215292e+11	-3.848407e+08	3.077052e+08	9.500000e+09	2.372000e+09	50.918935	13.359581	35.721484	AFE
6.217324e+08	-1.063582e+11	2.955984e+12	7.564978e+08	2.337565e+09	-8.929178e+08	-2.521680e+10	4.522260e+12	-4.025470e+08	3.065830e+08	9.500000e+09	2.372000e+09	12.743160	46.725753	40.531087	AFE
6.198843e+08	-6.146900e+10	1.113942e+12	4.686558e+08	3.925620e+09	-4.800590e+08	-2.379930e+10	1.598360e+12	-3.500969e+08	8.511706e+08	9.500000e+09	2.372000e+09	12.743160	46.725753	40.531087	AFE
5.722367e+08	-6.743403e+10	1.181393e+12	4.248020e+08	2.674798e+09	-8.236630e+08	-2.091114e+10	2.149361e+12	-3.927660e+08	4.005674e+08	9.500000e+09	2.372000e+09	41.468795	26.910249	31.620956	AFE
6.877304e+08	-8.684730e+10	1.931851e+12	4.507910e+08	2.802843e+09	-5.788445e+08	-1.757586e+10	1.082267e+12	-3.408482e+08	8.162440e+08	9.500000e+09	2.372000e+09	40.490864	50.662114	8.847022	AFE
6.272063e+08	-1.062811e+11	2.568518e+12	5.765503e+08	4.346821e+09	-1.094221e+09	-2.573354e+10	8.337446e+12	-4.950626e+08	8.831025e+08	9.500000e+09	2.372000e+09	34.276605	59.557596	6.165799	AFE
7.483149e+08	-1.396298e+11	3.229362e+12	8.651732e+08	4.180213e+09	-5.396123e+08	-2.358329e+10	5.902777e+11	-4.090199e+08	8.537538e+08	9.500000e+09	2.372000e+09	40.490864	50.662114	8.847022	AFE
8.078130e+08	-1.661086e+11	4.334051e+12	7.903895e+08	1.629723e+09	-5.060582e+08	-2.678518e+10	1.476222e+12	-3.182993e+08	8.728082e+08	9.500000e+09	2.372000e+09	12.743160	46.725753	40.531087	AFE
6.859122e+08	-1.190551e+11	3.319800e+12	6.625712e+08	1.819814e+09	-8.879335e+08	-5.683561e+09	3.165773e+12	-4.776993e+08	4.068923e+08	9.500000e+09	2.372000e+09	17.643267	69.945120	12.411614	AFE
5.405292e+08	-7.431833e+10	1.548395e+12	4.380126e+08	3.077854e+09	-4.815104e+08	-6.983546e+09	4.422637e+11	-3.330633e+08	2.636448e+08	9.500000e+09	2.372000e+09	23.786821	63.290324	12.922855	AFE
5.801590e+08	-9.751011e+10	2.763402e+12	7.073839e+08	2.431987e+09	-8.508195e+08	-4.607267e+09	9.772200e+11	-4.808504e+08	5.857354e+08	9.500000e+09	2.372000e+09	40.890454	55.962128	3.147417	AFE
7.968148e+08	-1.857521e+11	5.562564e+12	9.735337e+08	3.579730e+09	-4.480635e+08	-1.958057e+10	8.574532e+11	-2.112321e+08	6.582136e+08	9.500000e+09	2.372000e+09	12.743160	46.725753	40.531087	AFE
7.243353e+08	-1.068675e+11	2.780081e+12	5.567955e+08	1.406160e+09	-4.959242e+08	-2.451908e+10	4.347023e+11	-6.787923e+07	3.069350e+08	9.500000e+09	2.372000e+09	28.768878	64.620314	6.610808	AFE
7.074141e+08	-1.672807e+11	4.961536e+12	8.827382e+08	1.980657e+09	-4.055305e+08	-2.711023e+10	9.391429e+11	-1.588791e+08	3.336769e+08	9.500000e+09	2.372000e+09	45.888593	20.262164	33.849244	AFE
6.978400e+08	-1.065181e+11	2.428711e+12	7.806685e+08	1.254645e+09	-5.769006e+08	-2.459336e+10	1.141611e+12	-1.753131e+08	2.693943e+08	9.500000e+09	2.372000e+09	72.297502	14.418545	13.283953	AFE
5.917041e+08	-7.015361e+10	1.193841e+12	6.761230e+08	2.599987e+09	-5.366849e+08	-2.093338e+10	7.570575e+11	-2.425759e+08	7.433396e+08	9.500000e+09	2.372000e+09	40.490864	50.662114	8.847022	AFE
6.789097e+08	-8.796880e+10	1.770571e+12	4.377562e+08	1.725487e+09	-7.222889e+08	-1.109417e+10	1.024833e+12	-3.762136e+08	7.940566e+08	9.500000e+09	2.372000e+09	72.297502	14.418545	13.283953	AFE
5.938668e+08	-6.440647e+10	1.076454e+12	6.780875e+08	4.252940e+09	-7.245848e+08	-1.687816e+10	1.069821e+12	-3.190672e+08	6.188582e+08	9.500000e+09	2.372000e+09	49.781915	15.631231	34.586854	AFE
5.583374e+08	-9.266294e+10	2.009987e+12	5.751860e+08	3.424737e+09	-6.573570e+08	-2.447606e+10	1.582306e+12	-3.684144e+08	3.282795e+08	9.500000e+09	2.372000e+09	43.241081	26.921832	29.837087	AFE
6.854170e+08	-1.118795e+11	3.111444e+12	8.059865e+08	3.687075e+09	-8.701577e+08	-2.060122e+10	2.290527e+12	-4.208261e+08	7.866089e+08	9.500000e+09	2.372000e+09	41.468795	26.910249	31.620956	AFE
6.103235e+08	-7.440412e+10	1.694472e+12	5.991070e+08	3.930278e+09	-1.051666e+09	-2.831530e+10	9.722840e+12	-4.736986e+08	7.988021e+08	9.500000e+09	2.372000e+09	55.635622	16.549777	27.814601	AFE
7.803004e+08	-1.383236e+11	3.878564e+12	7.259667e+08	4.521639e+09	-6.799132e+08	-2.287016e+10	2.044638e+12	-3.421434e+08	4.847388e+08	9.500000e+09	2.372000e+09	47.490065	26.787227	25.722708	AFE
7.256279e+08	-1.479467e+11	4.038191e+12	7.961886e+08	4.435964e+09	-7.414954e+08	-1.209115e+10	2.641578e+12	-4.409533e+08	3.507023e+08	9.500000e+09	2.372000e+09	34.276605	59.557596	6.165799	AFE
6.060122e+08	-1.052785e+11	2.491102e+12	6.097262e+08	1.361171e+09	-2.932354e+08	-2.281581e+10	6.935643e+11	-2.069172e+08	8.052797e+08	9.500000e+09	2.372000e+09	47.796120	35.349339	16.854541	AFE
7.325732e+08	-1.051495e+11	2.571629e+12	8.295243e+08	3.601746e+09	-4.625638e+08	-2.736202e+10	5.104946e+11	-1.332150e+08	1.879457e+08	9.500000e+09	2.372000e+09	26.512322	38.221038	35.266639	AFE
5.498953e+08	-7.773409e+10	2.069533e+12	4.985559e+08	3.780909e+09	-6.242474e+08	-1.130042e+10	5.567489e+11	-3.339815e+08	7.811837e+08	9.500000e+09	2.372000e+09	45.888593	20.262164	33.849244	AFE
5.992297e+08	-7.899583e+10	1.791706e+12	6.615631e+08	1.096616e+09	-5.306465e+08	-1.409676e+10	1.199571e+12	-4.435218e+08	3.843147e+08	9.500000e+09	2.372000e+09	19.422134	40.321195	40.256671	AFE
7.346374e+08	-1.202544e+11	3.171911e+12	8.267793e+08	1.053994e+09	-4.565492e+08	-1.627779e+10	1.059170e+12	-3.811288e+08	7.941730e+08	9.500000e+09	2.372000e+09	52.541462	8.558492	38.900046	AFE
7.360562e+08	-1.153695e+11	2.829332e+12	6.442177e+08	2.636789e+09	-8.508990e+08	-2.107358e+10	2.087758e+12	-3.950763e+08	4.059313e+08	9.500000e+09	2.372000e+09	78.265289	17.034402	4.700309	AFE
7.540898e+08	-1.395926e+11	3.353988e+12	8.605529e+08	3.880225e+09	-1.014244e+09	-2.612334e+10	8.151299e+12	-4.729139e+08	3.914263e+08	9.500000e+09	2.372000e+09	12.743160	46.725753	40.531087	AFE
6.719850e+08	-1.217534e+11	3.446288e+12	7.534524e+08	1.356542e+09	-8.961347e+08	-2.752548e+10	5.437701e+12	-4.842018e+08	3.667952e+08	9.500000e+09	2.372000e+09	34.276605	59.557596	6.165799	AFE
6.235868e+08	-1.285228e+11	3.308075e+12	6.655444e+08	1.728781e+09	-7.142103e+08	-2.098036e+10	2.548733e+12	-4.609402e+08	8.411461e+08	9.500000e+09	2.372000e+09	16.473399	72.133893	11.392708	AFE
6.099796e+08	-9.001405e+10	2.249489e+12	4.518758e+08	1.853058e+09	-6.521592e+08	-2.166009e+10	9.072667e+11	-2.667302e+08	3.863895e+08	9.500000e+09	2.372000e+09	37.732870	32.787938	29.479193	AFE
6.144944e+08	-6.909361e+10	1.259720e+12	6.106420e+08	3.094699e+09	-6.158477e+08	-2.137138e+10	7.652372e+11	-2.909762e+08	3.908785e+08	9.500000e+09	2.372000e+09	72.297502	14.418545	13.283953	AFE
5.823208e+08	-1.086448e+11	3.096115e+12	6.335669e+08	1.913065e+09	-8.277289e+08	-1.402726e+10	2.399258e+12	-3.875955e+08	8.392465e+08	9.500000e+09	2.372000e+09	42.968779	17.810825	39.220396	AFE
6.611471e+08	-9.093876e+10	2.138586e+12	8.078300e+08	3.431923e+09	-2.712378e+08	-2.546664e+10	5.969538e+11	-1.348341e+08	4.564928e+08	9.500000e+09	2.372000e+09	52.541462	8.558492	38.900046	AFE
5.972099e+08	-8.027233e+10	2.150947e+12	6.279902e+08	4.547458e+09	-5.057886e+08	-2.637153e+10	1.055947e+12	-4.011113e+08	8.777816e+08	9.500000e+09	2.372000e+09	23.786821	63.290324	12.922855	AFE
5.982481e+08	-1.259726e+11	3.573716e+12	7.959493e+08	2.879887e+09	-6.124534e+08	-2.603131e+10	1.768953e+12	-2.733992e+08	8.099288e+08	9.500000e+09	2.372000e+09	19.422134	40.321195	40.256671	AFE
7.244607e+08	-9.568401e+10	2.612858e+12	6.116046e+08	1.458710e+09	-7.509844e+08	-2.853485e+10	3.314251e+12	-3.982048e+08	7.143274e+08	9.500000e+09	2.372000e+09	72.297502	14.418545	13.283953	AFE
6.904796e+08	-1.050983e+11	2.535753e+12	6.642439e+08	3.870201e+09	-9.648081e+08	-9.800886e+09	3.187690e+12	-4.620021e+08	2.138664e+08	9.500000e+09	2.372000e+09	51.065327	24.664131	24.270542	AFE
5.551508e+08	-7.380765e+10	1.309532e+12	5.378348e+08	1.061511e+09	-8.575205e+08	-1.040394e+10	2.156761e+12	-4.317416e+08	6.779791e+08	9.500000e+09	2.372000e+09	12.846607	73.340222	13.813171	AFE
7.676480e+08	-1.320218e+11	3.702265e+12	8.445440e+08	1.769682e+09	-6.228575e+08	-8.409268e+09	7.446458e+11	-3.986531e+08	3.187856e+08	9.500000e+09	2.372000e+09	12.846607	73.340222	13.813171	AFE
7.388513e+08	-1.488499e+11	4.217310e+12	6.912571e+08	4.130816e+09	-9.396970e+08	-2.184490e+10	4.389463e+12	-4.285147e+08	4.302213e+08	9.500000e+09	2.372000e+09	72.297502	14.418545	13.283953	AFE
7.745116e+08	-1.543376e+11	3.995408e+12	8.322422e+08	3.374231e+09	-3.786826e+08	-2.626110e+10	6.664228e+11	-1.725323e+08	9.411863e+08	9.500000e+09	2.372000e+09	43.880942	48.670760	7.448299	AFE
7.216391e+08	-1.453596e+11	3.441068e+12	8.750731e+08	4.558808e+09	-5.530725e+08	-2.332442e+10	8.956191e+11	-1.462180e+08	7.950167e+08	9.500000e+09	2.372000e+09	12.846607	73.340222	13.813171	AFE
7.626699e+08	-1.604510e+11	4.350182e+12	8.079518e+08	2.252501e+09	-9.142644e+08	-2.278494e+10	2.771699e+12	-4.426226e+08	3.917959e+08	9.500000e+09	2.372000e+09	62.284305	21.848630	15.867065	AFE
6.279020e+08	-8.207957e+10	1.902538e+12	5.989156e+08	4.497605e+09	-6.989754e+08	-1.705059e+10	1.875387e+12	-3.994080e+08	3.722806e+08	9.500000e+09	2.372000e+09	43.880942	48.670760	7.448299	AFE
7.445067e+08	-1.467649e+11	4.220366e+12	8.729665e+08	2.202083e+09	-3.033903e+08	-1.062109e+10	1.857953e+11	-8.461974e+07	7.005623e+08	9.500000e+09	2.372000e+09	62.284305	21.848630	15.867065	AFE
5.118008e+08	-8.817363e+10	2.261277e+12	6.003248e+08	3.853840e+09	-6.315772e+08	-2.384777e+10	8.373783e+11	-2.712634e+08	6.924810e+08	9.500000e+09	2.372000e+09	62.284305	21.848630	15.867065	AFE
5.747808e+08	-6.815127e+10	1.325696e+12	4.748177e+08	4.601613e+09	-8.490050e+08	-1.003116e+10	2.799285e+12	-3.878182e+08	7.023164e+08	9.500000e+09	2.372000e+09	12.743160	46.725753	40.531087	AFE
8.149553e+08	-1.484414e+11	4.127610e+12	7.521634e+08	3.188066e+09	-9.483397e+08	-1.650103e+10	4.226450e+12	-4.637989e+08	7.199917e+08	9.500000e+09	2.372000e+09	6.545384	64.776549	28.678067	AFE
6.697782e+08	-1.336098e+11	3.249339e+12	7.578246e+08	1.700964e+09	-2.938456e+08	-1.625628e+10	4.301469e+11	-1.873905e+08	2.980525e+08	9.500000e+09	2.372000e+09	17.643267	69.945120	12.411614	AFE
5.855690e+08	-9.278094e+10	2.002921e+12	5.930113e+08	3.117676e+09	-3.676338e+08	-2.290394e+10	3.781948e+11	-1.214237e+08	2.057965e+08	9.500000e+09	2.372000e+09	72.297502	14.418545	13.283953	AFE
6.249748e+08	-9.485387e+10	2.416373e+12	6.104920e+08	1.195769e+09	-6.573968e+08	-2.111811e+10	2.108101e+12	-3.324418e+08	2.370346e+08	9.500000e+09	2.372000e+09	12.846607	73.340222	13.813171	AFE
7.026120e+08	-1.067925e+11	2.976009e+12	7.926206e+08	1.412445e+09	-7.880091e+08	-2.117554e+10	2.125483e+12	-4.235171e+08	2.786492e+08	9.500000e+09	2.372000e+09	19.422134	40.321195	40.256671	AFE
7.036280e+08	-9.051255e+10	1.925276e+12	8.419989e+08	2.455126e+09	-8.465392e+08	-2.301250e+10	4.353150e+12	-4.276487e+08	5.701240e+08	9.500000e+09	2.372000e+09	62.284305	21.848630	15.867065	AFE
7.932088e+08	-1.099414e+11	2.884261e+12	6.938800e+08	2.469363e+09	-6.204596e+08	-2.706266e+10	2.281532e+12	-4.585285e+08	4.012290e+08	9.500000e+09	2.372000e+09	26.820933	40.294174	32.884893	AFE
6.775907e+08	-1.049727e+11	2.689386e+12	6.500455e+08	1.838145e+09	-1.047816e+09	-2.722776e+10	7.585650e+12	-4.474425e+08	4.708967e+08	9.500000e+09	2.372000e+09	12.743160	46.725753	40.531087	AFE
7.263557e+08	-1.096235e+11	2.777819e+12	6.637874e+08	1.439915e+09	-9.806563e+08	-9.272478e+09	3.030279e+12	-4.908928e+08	6.455099e+08	9.500000e+09	2.372000e+09	12.743160	46.725753	40.531087	AFE
7.209971e+08	-1.284061e+11	3.100898e+12	7.647815e+08	2.457513e+09	-9.473691e+08	-2.116905e+10	7.000402e+12	-4.476302e+08	4.149661e+08	9.500000e+09	2.372000e+09	61.365191	23.300593	15.334216	AFE
7.490595e+08	-1.469550e+11	4.163510e+12	8.537608e+08	3.170193e+09	-5.479351e+08	-1.745028e+10	7.000748e+11	-1.729637e+08	8.437766e+08	9.500000e+09	2.372000e+09	43.241081	26.921832	29.837087	AFE
7.544367e+08	-1.501522e+11	3.801284e+12	7.908585e+08	3.913605e+09	-7.956967e+08	-2.319010e+10	1.364743e+12	-3.473303e+08	8.361389e+08	9.500000e+09	2.372000e+09	52.541462	8.558492	38.900046	AFE
7.189987e+08	-1.199574e+11	2.718865e+12	7.346472e+08	4.599109e+09	-7.240347e+08	-2.437055e+10	1.425306e+12	-4.368284e+08	6.809591e+08	9.500000e+09	2.372000e+09	56.784824	20.244327	22.970849	AFE
5.506353e+08	-6.232776e+10	1.208958e+12	4.998652e+08	1.494521e+09	-6.251567e+08	-2.259167e+10	1.342257e+12	-4.338323e+08	7.533166e+08	9.500000e+09	2.372000e+09	21.600969	39.984328	38.414704	AFE
5.674936e+08	-6.011682e+10	1.307073e+12	4.047917e+08	1.774873e+09	-3.096149e+08	-2.819442e+10	5.538861e+11	-9.620807e+07	3.712086e+08	9.500000e+09	2.372000e+09	41.468795	26.910249	31.620956	AFE
5.454214e+08	-9.154711e+10	2.499816e+12	5.786801e+08	3.578370e+09	-4.203850e+08	-2.267923e+10	6.122689e+11	-1.110107e+08	3.447091e+08	9.500000e+09	2.372000e+09	45.888593	20.262164	33.849244	AFE
8.021816e+08	-1.442613e+11	4.151652e+12	9.034851e+08	4.165390e+09	-6.246880e+08	-2.960166e+10	1.891978e+12	-3.684978e+08	3.143067e+08	9.500000e+09	2.372000e+09	34.276605	59.557596	6.165799	AFE
6.132100e+08	-7.121484e+10	1.484099e+12	7.485426e+08	2.060063e+09	-9.051116e+08	-2.155964e+10	5.394717e+12	-3.943944e+08	3.894470e+08	9.500000e+09	2.372000e+09	42.968779	17.810825	39.220396	AFE
7.010102e+08	-1.406039e+11	3.531818e+12	7.552751e+08	3.980883e+09	-4.162288e+08	-2.047088e+10	9.017089e+11	-4.176002e+08	5.761565e+08	9.500000e+09	2.372000e+09	45.888593	20.262164	33.849244	AFE
5.987300e+08	-8.493705e+10	1.708098e+12	5.573739e+08	1.484961e+09	-3.218984e+08	-1.836720e+10	3.152023e+11	-1.825384e+08	5.450936e+08	9.500000e+09	2.372000e+09	52.541462	8.558492	38.900046	AFE
6.810766e+08	-1.040237e+11	2.401595e+12	7.542668e+08	4.142422e+09	-7.331157e+08	-6.376525e+09	1.779886e+12	-4.707569e+08	4.617044e+08	9.500000e+09	2.372000e+09	52.541462	8.558492	38.900046	AFE
6.078565e+08	-1.231824e+11	3.280795e+12	6.467640e+08	9.906991e+08	-1.042557e+09	-1.027242e+10	6.659430e+12	-4.727999e+08	5.494212e+08	9.500000e+09	2.372000e+09	41.477034	31.884146	26.638820	AFE
7.448641e+08	-1.217833e+11	2.997678e+12	7.842022e+08	4.144944e+09	-5.048688e+08	-2.856605e+10	1.003893e+12	-1.714092e+08	3.704502e+08	9.500000e+09	2.372000e+09	52.541462	8.558492	38.900046	AFE
5.498953e+08	-7.773409e+10	2.069533e+12	4.985559e+08	3.780909e+09	-6.242474e+08	-1.130042e+10	5.567489e+11	-3.339815e+08	7.811837e+08	9.500000e+09	2.372000e+09	72.297502	14.418545	13.283953	AFE
7.392741e+08	-1.088378e+11	2.695779e+12	7.947847e+08	2.585620e+09	-6.075196e+08	-6.219490e+09	2.741928e+11	-3.986231e+08	3.190605e+08	9.500000e+09	2.372000e+09	12.743160	46.725753	40.531087	AFE
5.583374e+08	-9.266294e+10	2.009987e+12	5.751860e+08	3.424737e+09	-6.573570e+08	-2.447606e+10	1.582306e+12	-3.684144e+08	3.282795e+08	9.500000e+09	2.372000e+09	12.743160	46.725753	40.531087	AFE
7.400259e+08	-9.631119e+10	2.516923e+12	6.685145e+08	3.909417e+09	-5.948481e+08	-2.517021e+10	1.561963e+12	-3.797146e+08	2.340212e+08	9.500000e+09	2.372000e+09	45.888593	20.262164	33.849244	AFE
7.810908e+08	-1.157869e+11	2.692601e+12	5.962558e+08	1.249349e+09	-5.626319e+08	-2.286315e+10	8.056800e+11	-2.219427e+08	7.891233e+08	9.500000e+09	2.372000e+09	19.134424	52.656107	28.209469	AFE
6.778905e+08	-1.434432e+11	3.776205e+12	6.940164e+08	4.071944e+09	-6.240783e+08	-1.823755e+10	1.081833e+12	-3.691225e+08	1.998231e+08	9.500000e+09	2.372000e+09	72.297502	14.418545	13.283953	AFE
5.535568e+08	-7.753661e+10	1.505668e+12	6.664116e+08	3.862792e+09	-4.673819e+08	-8.955304e+09	1.430904e+11	-2.868563e+08	3.477782e+08	9.500000e+09	2.372000e+09	19.422134	40.321195	40.256671	AFE
5.366598e+08	-7.328490e+10	1.532207e+12	4.277487e+08	1.790027e+09	-3.690669e+08	-1.150209e+10	3.217162e+11	-2.237846e+08	1.922610e+08	9.500000e+09	2.372000e+09	28.768878	64.620314	6.610808	AFE
8.026982e+08	-1.576781e+11	4.398113e+12	8.324243e+08	2.084167e+09	-6.258734e+08	-1.025056e+10	4.803542e+11	-4.044699e+08	1.746907e+08	9.500000e+09	2.372000e+09	61.757056	17.132319	21.110625	AFE
8.243531e+08	-1.538882e+11	4.162533e+12	8.965228e+08	4.021959e+09	-5.210517e+08	-5.044369e+09	3.500579e+11	-2.820876e+08	7.277759e+08	9.500000e+09	2.372000e+09	23.786821	63.290324	12.922855	AFE
8.014806e+08	-1.447640e+11	3.851818e+12	7.756915e+08	1.527665e+09	-3.273177e+08	-2.320977e+10	4.435120e+11	-1.392828e+08	7.132914e+08	9.500000e+09	2.372000e+09	12.743160	46.725753	40.531087	AFE
5.985576e+08	-1.396650e+11	3.754937e+12	7.652147e+08	1.385834e+09	-4.797368e+08	-2.288936e+10	9.257256e+11	-1.854636e+08	4.082520e+08	9.500000e+09	2.372000e+09	34.429149	31.151487	34.419364	AFE
5.837050e+08	-9.370376e+10	2.269112e+12	5.785811e+08	2.132480e+09	-9.037232e+08	-2.065471e+10	4.616796e+12	-3.777064e+08	8.214584e+08	9.500000e+09	2.372000e+09	72.297502	14.418545	13.283953	AFE
6.457387e+08	-1.499344e+11	4.125159e+12	7.170878e+08	1.564141e+09	-7.695546e+08	-1.234339e+10	1.357275e+12	-4.200992e+08	4.127421e+08	9.500000e+09	2.372000e+09	28.768878	64.620314	6.610808	AFE
7.223993e+08	-1.087888e+11	2.299096e+12	5.956142e+08	1.700321e+09	-7.579011e+08	-2.194852e+10	1.214275e+12	-4.160366e+08	8.624590e+08	9.500000e+09	2.372000e+09	12.743160	46.725753	40.531087	AFE
6.997170e+08	-1.163271e+11	3.417015e+12	7.893975e+08	3.869160e+09	-9.996916e+08	-1.868288e+10	4.026278e+12	-4.903773e+08	5.457181e+08	9.500000e+09	2.372000e+09	19.184062	62.039017	18.776922	AFE
6.536885e+08	-9.361432e+10	2.415263e+12	6.195351e+08	2.005200e+09	-2.687991e+08	-9.741033e+09	9.609317e+10	-1.994680e+08	8.232048e+08	9.500000e+09	2.372000e+09	43.880942	48.670760	7.448299	AFE
7.489121e+08	-1.534577e+11	4.416279e+12	9.440176e+08	3.182105e+09	-4.813456e+08	-1.872334e+10	2.743234e+11	-1.751650e+08	5.086149e+08	9.500000e+09	2.372000e+09	72.297502	14.418545	13.283953	AFE
6.787379e+08	-1.160972e+11	2.775355e+12	6.693903e+08	3.905417e+09	-9.634137e+08	-2.531374e+10	6.300605e+12	-4.574806e+08	8.932629e+08	9.500000e+09	2.372000e+09	62.284305	21.848630	15.867065	AFE
5.922975e+08	-1.074831e+11	2.736302e+12	6.153341e+08	3.491236e+09	-9.039988e+08	-2.072044e+10	5.223132e+12	-4.332213e+08	5.820644e+08	9.500000e+09	2.372000e+09	12.846607	73.340222	13.813171	AFE
6.263033e+08	-7.861456e+10	1.660425e+12	4.898175e+08	3.259175e+09	-1.122192e+09	-2.194834e+10	1.013699e+13	-4.925176e+08	2.158487e+08	9.500000e+09	2.372000e+09	26.820933	40.294174	32.884893	AFE
5.823938e+08	-6.627101e+10	1.015759e+12	5.736225e+08	1.067213e+09	-3.951963e+08	-2.465473e+10	6.480787e+11	-8.487059e+07	5.272196e+08	9.500000e+09	2.372000e+09	34.276605	59.557596	6.165799	AFE
7.302753e+08	-1.118354e+11	2.630114e+12	6.449049e+08	1.168147e+09	-2.769350e+08	-2.460442e+10	6.983271e+11	-4.143226e+08	3.908268e+08	9.500000e+09	2.372000e+09	12.743160	46.725753	40.531087	AFE
6.859122e+08	-1.190551e+11	3.319800e+12	6.625712e+08	1.819814e+09	-8.879335e+08	-5.683561e+09	3.165773e+12	-4.776993e+08	4.068923e+08	9.500000e+09	2.372000e+09	50.918935	13.359581	35.721484	AFE
6.713587e+08	-8.313904e+10	2.182281e+12	5.098322e+08	2.061942e+09	-4.539343e+08	-2.716580e+10	6.360923e+11	-3.018413e+08	8.422321e+08	9.500000e+09	2.372000e+09	62.284305	21.848630	15.867065	AFE
6.415734e+08	-1.196517e+11	3.364405e+12	7.595682e+08	3.970004e+09	-6.406476e+08	-1.123694e+10	8.781559e+11	-4.650132e+08	6.395587e+08	9.500000e+09	2.372000e+09	52.541462	8.558492	38.900046	AFE
8.131403e+08	-1.373103e+11	3.728593e+12	8.652109e+08	1.659527e+09	-3.093302e+08	-2.403994e+10	6.799971e+11	-1.971722e+08	6.093443e+08	9.500000e+09	2.372000e+09	56.784824	20.244327	22.970849	AFE
6.514902e+08	-1.012681e+11	2.365974e+12	5.223844e+08	7.661350e+08	-3.809239e+08	-2.432066e+10	9.250053e+11	-2.800512e+08	4.640811e+08	9.500000e+09	2.372000e+09	72.297502	14.418545	13.283953	AFE
7.215257e+08	-1.099473e+11	3.148614e+12	7.703574e+08	1.599736e+09	-4.459110e+08	-2.179869e+10	4.856188e+11	-6.572611e+07	7.916566e+08	9.500000e+09	2.372000e+09	20.090519	68.131188	11.778293	AFE
7.693347e+08	-1.497814e+11	3.656574e+12	9.077102e+08	3.369374e+09	-7.072177e+08	-5.386707e+09	2.380557e+12	-4.886269e+08	8.221016e+08	9.500000e+09	2.372000e+09	62.284305	21.848630	15.867065	AFE
5.528140e+08	-7.008871e+10	1.493873e+12	6.696873e+08	1.522879e+09	-7.739946e+08	-2.439434e+10	1.091613e+12	-2.703182e+08	5.896926e+08	9.500000e+09	2.372000e+09	45.888593	20.262164	33.849244	AFE
6.266642e+08	-1.025568e+11	3.043595e+12	6.975771e+08	2.347886e+09	-4.623551e+08	-2.751223e+10	1.106006e+12	-2.087666e+08	3.283963e+08	9.500000e+09	2.372000e+09	51.065327	24.664131	24.270542	AFE
5.867720e+08	-5.511056e+10	1.132780e+12	4.810403e+08	1.701494e+09	-5.728478e+08	-2.441555e+10	5.026782e+11	-2.648945e+08	4.254080e+08	9.500000e+09	2.372000e+09	20.090519	68.131188	11.778293	AFE
7.757287e+08	-1.643328e+11	4.453066e+12	8.739057e+08	1.805330e+09	-6.337225e+08	-2.354653e+10	1.294036e+12	-4.511860e+08	1.791047e+08	9.500000e+09	2.372000e+09	17.643267	69.945120	12.411614	AFE
7.787212e+08	-1.877286e+11	5.403959e+12	9.743258e+08	4.803428e+09	-1.059100e+09	-1.928036e+10	8.024293e+12	-4.688785e+08	2.441376e+08	9.500000e+09	2.372000e+09	33.713125	34.137007	32.149867	AFE
7.392741e+08	-1.088378e+11	2.695779e+12	7.947847e+08	2.585620e+09	-6.075196e+08	-6.219490e+09	2.741928e+11	-3.986231e+08	3.190605e+08	9.500000e+09	2.372000e+09	43.880942	48.670760	7.448299	AFE
7.930613e+08	-1.465502e+11	4.240212e+12	7.804354e+08	1.958916e+09	-1.083560e+09	-2.009660e+10	5.421798e+12	-4.732562e+08	6.498879e+08	9.500000e+09	2.372000e+09	34.276605	59.557596	6.165799	AFE
6.089816e+08	-7.463990e+10	1.355377e+12	5.338173e+08	3.380746e+09	-4.442212e+08	-2.006010e+10	6.672106e+11	-2.991477e+08	2.906168e+08	9.500000e+09	2.372000e+09	12.743160	46.725753	40.531087	AFE
7.551638e+08	-1.309104e+11	3.636937e+12	8.467897e+08	1.389465e+09	-3.082597e+08	-2.686550e+10	6.111922e+11	-2.711005e+08	3.219336e+08	9.500000e+09	2.372000e+09	40.490864	50.662114	8.847022	AFE
6.290393e+08	-1.285900e+11	3.466450e+12	7.443534e+08	3.804965e+09	-3.639635e+08	-2.498723e+10	7.383892e+11	-1.638214e+08	8.810374e+08	9.500000e+09	2.372000e+09	52.541462	8.558492	38.900046	AFE
6.800327e+08	-7.935725e+10	2.007471e+12	5.099288e+08	1.458218e+09	-7.482452e+08	-1.572916e+10	1.015716e+12	-4.034882e+08	7.531341e+08	9.500000e+09	2.372000e+09	49.781915	15.631231	34.586854	AFE
5.298716e+08	-7.408180e+10	1.620200e+12	6.632179e+08	1.084266e+09	-7.229110e+08	-2.465545e+10	1.469908e+12	-3.282060e+08	6.103875e+08	9.500000e+09	2.372000e+09	17.643267	69.945120	12.411614	AFE
7.985552e+08	-1.564659e+11	4.115204e+12	8.385499e+08	2.133797e+09	-6.067704e+08	-6.650041e+09	6.181800e+11	-3.851152e+08	7.779316e+08	9.500000e+09	2.372000e+09	12.743160	46.725753	40.531087	AFE
5.618946e+08	-6.116102e+10	1.374530e+12	5.431638e+08	3.870937e+09	-9.820358e+08	-2.879163e+10	3.852601e+12	-4.101952e+08	7.754972e+08	9.500000e+09	2.372000e+09	52.541462	8.558492	38.900046	AFE
7.655594e+08	-1.544650e+11	4.223821e+12	7.900400e+08	4.139642e+09	-1.012984e+09	-2.810273e+10	8.779661e+12	-4.723708e+08	9.200465e+08	9.500000e+09	2.372000e+09	51.065327	24.664131	24.270542	AFE
5.366598e+08	-7.328490e+10	1.532207e+12	4.277487e+08	1.790027e+09	-3.690669e+08	-1.150209e+10	3.217162e+11	-2.237846e+08	1.922610e+08	9.500000e+09	2.372000e+09	41.468795	26.910249	31.620956	AFE
7.787242e+08	-1.609564e+11	3.976403e+12	8.693559e+08	2.086751e+09	-4.188984e+08	-2.405579e+10	2.934406e+11	-1.380355e+08	8.542800e+08	9.500000e+09	2.372000e+09	34.276605	59.557596	6.165799	AFE
7.982053e+08	-1.610838e+11	4.566327e+12	8.516308e+08	1.696113e+09	-9.723794e+08	-1.910247e+10	5.366051e+12	-4.513398e+08	4.892246e+08	9.500000e+09	2.372000e+09	45.888593	20.262164	33.849244	AFE
6.866990e+08	-1.084682e+11	2.912269e+12	7.489660e+08	4.326035e+09	-6.685558e+08	-1.452935e+10	5.798918e+11	-3.467762e+08	7.498153e+08	9.500000e+09	2.372000e+09	12.743160	46.725753	40.531087	AFE
5.678845e+08	-5.319426e+10	8.185356e+11	4.718892e+08	1.746930e+09	-5.322983e+08	-1.724496e+10	8.281228e+11	-1.815362e+08	8.710243e+08	9.500000e+09	2.372000e+09	62.284305	21.848630	15.867065	AFE
5.197236e+08	-7.722995e+10	1.861957e+12	3.855033e+08	3.527894e+09	-3.559638e+08	-1.838863e+10	2.372507e+11	-1.719262e+08	7.798006e+08	9.500000e+09	2.372000e+09	17.643267	69.945120	12.411614	AFE
7.744737e+08	-1.574753e+11	4.468990e+12	8.723826e+08	1.329033e+09	-6.362196e+08	-7.042834e+09	6.327182e+11	-4.290543e+08	8.379876e+08	9.500000e+09	2.372000e+09	17.643267	69.945120	12.411614	AFE
7.719145e+08	-1.564080e+11	4.596761e+12	8.317461e+08	7.217982e+08	-4.699540e+08	-2.160721e+10	4.325665e+11	-1.387978e+08	8.389066e+08	9.500000e+09	2.372000e+09	49.781915	15.631231	34.586854	AFE
6.886813e+08	-1.141793e+11	3.219575e+12	7.849473e+08	4.187814e+09	-7.771430e+08	-7.997679e+09	1.949373e+12	-4.551396e+08	7.175749e+08	9.500000e+09	2.372000e+09	20.090519	68.131188	11.778293	AFE
5.739879e+08	-6.100050e+10	1.118568e+12	3.872541e+08	4.957665e+09	-4.780688e+08	-2.190584e+10	3.525540e+11	-1.826945e+08	6.527131e+08	9.500000e+09	2.372000e+09	12.743160	46.725753	40.531087	AFE
6.583624e+08	-1.075309e+11	2.680346e+12	6.771984e+08	3.359971e+09	-9.927773e+08	-2.503018e+10	6.313687e+12	-4.908207e+08	2.483734e+08	9.500000e+09	2.372000e+09	42.968779	17.810825	39.220396	AFE
6.922318e+08	-1.189589e+11	2.912157e+12	8.302693e+08	1.832886e+09	-9.919198e+08	-2.124644e+10	3.485795e+12	-4.671898e+08	5.977435e+08	9.500000e+09	2.372000e+09	12.846607	73.340222	13.813171	AFE
5.409621e+08	-7.925955e+10	2.103475e+12	6.045536e+08	1.631885e+09	-7.116062e+08	-1.995036e+10	1.095455e+12	-4.143624e+08	3.241550e+08	9.500000e+09	2.372000e+09	72.297502	14.418545	13.283953	AFE
5.910101e+08	-8.811167e+10	2.044250e+12	6.619941e+08	4.063139e+09	-8.559272e+08	-1.110327e+10	1.098565e+12	-4.275795e+08	7.788142e+08	9.500000e+09	2.372000e+09	49.778254	25.297902	24.923844	AFE
7.938900e+08	-1.389506e+11	3.592762e+12	7.801227e+08	4.478944e+09	-4.657549e+08	-9.443634e+09	1.751267e+11	-1.340577e+08	8.125693e+08	9.500000e+09	2.372000e+09	12.743160	46.725753	40.531087	AFE
7.448143e+08	-1.505556e+11	4.105112e+12	8.657312e+08	3.659324e+09	-1.794626e+08	-1.790312e+10	2.061945e+11	-1.235698e+08	2.972707e+08	9.500000e+09	2.372000e+09	17.643267	69.945120	12.411614	AFE
7.580757e+08	-1.331520e+11	3.785905e+12	8.162666e+08	1.806444e+09	-8.783965e+08	-2.765528e+10	2.273267e+12	-4.159889e+08	8.190746e+08	9.500000e+09	2.372000e+09	42.968779	17.810825	39.220396	AFE
6.411178e+08	-6.456371e+10	1.337945e+12	4.774920e+08	7.824859e+08	-7.028584e+08	-7.832686e+09	8.877342e+11	-4.600392e+08	7.220391e+08	9.500000e+09	2.372000e+09	43.880942	48.670760	7.448299	AFE
5.403438e+08	-1.048386e+11	2.523227e+12	5.830556e+08	3.269598e+09	-9.907306e+08	-8.811646e+09	3.721735e+12	-4.782699e+08	4.379185e+08	9.500000e+09	2.372000e+09	19.184062	62.039017	18.776922	AFE
5.551508e+08	-7.380765e+10	1.309532e+12	5.378348e+08	1.061511e+09	-8.575205e+08	-1.040394e+10	2.156761e+12	-4.317416e+08	6.779791e+08	9.500000e+09	2.372000e+09	12.743160	46.725753	40.531087	AFE
7.268861e+08	-1.310089e+11	2.960674e+12	7.704237e+08	3.938729e+09	-4.665672e+08	-2.509698e+10	6.564590e+11	-8.658764e+07	2.250900e+08	9.500000e+09	2.372000e+09	40.490864	50.662114	8.847022	AFE
5.841625e+08	-7.177809e+10	1.347524e+12	6.710719e+08	4.783365e+09	-8.779652e+08	-1.141631e+10	2.721040e+12	-4.152471e+08	1.592407e+08	9.500000e+09	2.372000e+09	12.846607	73.340222	13.813171	AFE
7.388771e+08	-1.060517e+11	2.714121e+12	6.384294e+08	3.530813e+09	-8.529427e+08	-1.529486e+10	2.001387e+12	-3.720668e+08	6.417323e+08	9.500000e+09	2.372000e+09	12.743160	46.725753	40.531087	AFE
7.593402e+08	-1.567738e+11	4.206475e+12	8.662420e+08	1.260538e+09	-2.521502e+08	-2.349129e+10	4.022629e+11	-1.144666e+08	3.676650e+08	9.500000e+09	2.372000e+09	12.743160	46.725753	40.531087	AFE
5.288537e+08	-7.414070e+10	1.584915e+12	6.196021e+08	1.609922e+09	-1.144513e+09	-2.334873e+10	8.941051e+12	-4.981319e+08	6.100326e+08	9.500000e+09	2.372000e+09	52.405897	27.105459	20.488644	AFE
7.842895e+08	-1.787101e+11	5.010345e+12	8.716875e+08	2.261520e+09	-7.119360e+08	-6.318301e+09	7.910552e+11	-4.548456e+08	3.848087e+08	9.500000e+09	2.372000e+09	26.512322	38.221038	35.266639	AFE
6.217739e+08	-8.211655e+10	1.702965e+12	4.962679e+08	4.317887e+09	-9.022165e+08	-2.595323e+10	3.818651e+12	-4.930860e+08	2.613602e+08	9.500000e+09	2.372000e+09	19.422134	40.321195	40.256671	AFE
6.272327e+08	-1.233342e+11	2.994493e+12	6.987545e+08	3.919303e+09	-5.827377e+08	-2.041094e+10	8.910906e+11	-2.670543e+08	8.033362e+08	9.500000e+09	2.372000e+09	72.297502	14.418545	13.283953	AFE
7.965900e+08	-1.733665e+11	5.193674e+12	9.660244e+08	3.043442e+09	-4.770653e+08	-2.654123e+10	1.118903e+12	-4.079001e+08	3.723866e+08	9.500000e+09	2.372000e+09	34.276605	59.557596	6.165799	AFE
7.243353e+08	-1.068675e+11	2.780081e+12	5.567955e+08	1.406160e+09	-4.959242e+08	-2.451908e+10	4.347023e+11	-6.787923e+07	3.069350e+08	9.500000e+09	2.372000e+09	12.743160	46.725753	40.531087	AFE
7.180594e+08	-1.245362e+11	3.028616e+12	5.771042e+08	2.822257e+09	-1.078050e+09	-2.598101e+10	1.071377e+13	-4.680930e+08	7.691063e+08	9.500000e+09	2.372000e+09	19.134424	52.656107	28.209469	AFE
7.580757e+08	-1.331520e+11	3.785905e+12	8.162666e+08	1.806444e+09	-8.783965e+08	-2.765528e+10	2.273267e+12	-4.159889e+08	8.190746e+08	9.500000e+09	2.372000e+09	62.284305	21.848630	15.867065	AFE
5.328218e+08	-1.081867e+11	2.915500e+12	5.918186e+08	3.541333e+09	-5.932641e+08	-2.243055e+10	1.386230e+12	-4.064684e+08	2.635818e+08	9.500000e+09	2.372000e+09	72.297502	14.418545	13.283953	AFE
7.183757e+08	-9.203405e+10	2.490791e+12	6.235446e+08	4.643006e+09	-4.669246e+08	-2.030904e+10	3.647899e+11	-1.909022e+08	8.412904e+08	9.500000e+09	2.372000e+09	42.968779	17.810825	39.220396	AFE
8.134704e+08	-1.773820e+11	5.279221e+12	9.361407e+08	3.431889e+09	-8.472254e+08	-2.706196e+10	4.349617e+12	-3.923363e+08	5.589310e+08	9.500000e+09	2.372000e+09	12.743160	46.725753	40.531087	AFE
7.044075e+08	-1.216090e+11	3.046671e+12	8.306854e+08	9.629318e+08	-3.935865e+08	-2.001358e+10	3.153620e+11	-3.019827e+08	4.677173e+08	9.500000e+09	2.372000e+09	50.918935	13.359581	35.721484	AFE
5.284634e+08	-6.239144e+10	1.329187e+12	5.489918e+08	4.449813e+09	-8.528444e+08	-1.054613e+10	1.997745e+12	-4.052217e+08	8.184371e+08	9.500000e+09	2.372000e+09	55.635622	16.549777	27.814601	AFE
6.827199e+08	-8.160416e+10	1.716915e+12	5.379234e+08	4.029918e+09	-7.527230e+08	-7.656670e+09	1.250159e+12	-4.263675e+08	2.693069e+08	9.500000e+09	2.372000e+09	12.743160	46.725753	40.531087	AFE
7.825774e+08	-1.342683e+11	3.357332e+12	6.886033e+08	4.180525e+09	-8.441809e+08	-8.271043e+09	1.456083e+12	-4.291915e+08	1.933207e+08	9.500000e+09	2.372000e+09	33.713125	34.137007	32.149867	AFE
5.452708e+08	-7.913701e+10	1.724407e+12	5.757374e+08	2.377652e+09	-9.189025e+08	-1.261668e+10	4.524663e+12	-4.974064e+08	8.401074e+08	9.500000e+09	2.372000e+09	45.888593	20.262164	33.849244	AFE
7.875627e+08	-1.398310e+11	3.614026e+12	7.589537e+08	4.436522e+09	-5.674055e+08	-2.334347e+10	8.565660e+11	-1.214238e+08	2.459370e+08	9.500000e+09	2.372000e+09	12.743160	46.725753	40.531087	AFE
7.675233e+08	-1.392625e+11	3.300390e+12	7.447616e+08	3.192679e+09	-1.074342e+09	-2.173644e+10	4.870044e+12	-4.588028e+08	7.951191e+08	9.500000e+09	2.372000e+09	42.968779	17.810825	39.220396	AFE
7.602989e+08	-1.783772e+11	5.283837e+12	9.499867e+08	3.863792e+09	-4.371499e+08	-9.590833e+09	2.945268e+11	-1.421279e+08	5.374745e+08	9.500000e+09	2.372000e+09	49.781915	15.631231	34.586854	AFE
6.393158e+08	-9.061437e+10	1.903061e+12	5.635187e+08	4.119617e+09	-7.694209e+08	-2.214064e+10	2.811748e+12	-4.095649e+08	7.815443e+08	9.500000e+09	2.372000e+09	52.541462	8.558492	38.900046	AFE
7.821103e+08	-1.690470e+11	4.990197e+12	9.393715e+08	2.110655e+09	-3.079749e+08	-2.390840e+10	3.720070e+11	-3.526754e+08	9.612391e+08	9.500000e+09	2.372000e+09	17.643267	69.945120	12.411614	AFE
5.459646e+08	-5.054974e+10	1.043966e+12	4.491670e+08	1.373474e+09	-4.126185e+08	-2.085317e+10	5.274299e+11	-1.130957e+08	9.464038e+08	9.500000e+09	2.372000e+09	12.743160	46.725753	40.531087	AFE
6.974239e+08	-1.069544e+11	2.113380e+12	8.045068e+08	1.939897e+09	-8.799156e+08	-1.392694e+10	2.070594e+12	-4.692303e+08	3.360048e+08	9.500000e+09	2.372000e+09	20.090519	68.131188	11.778293	AFE
7.606331e+08	-1.559979e+11	4.083419e+12	7.725782e+08	1.905253e+09	-9.815591e+08	-1.638915e+10	5.740536e+12	-4.860483e+08	2.429645e+08	9.500000e+09	2.372000e+09	10.836841	52.880707	36.282451	AFE
6.896655e+08	-1.077336e+11	2.447367e+12	6.689392e+08	1.517132e+09	-9.428433e+08	-2.337767e+10	5.931154e+12	-4.853018e+08	5.172960e+08	9.500000e+09	2.372000e+09	52.541462	8.558492	38.900046	AFE
5.690504e+08	-7.835023e+10	1.502951e+12	6.847508e+08	1.618730e+09	-9.651258e+08	-2.140965e+10	3.927357e+12	-4.793957e+08	7.532820e+08	9.500000e+09	2.372000e+09	40.490864	50.662114	8.847022	AFE
7.423460e+08	-1.320199e+11	3.480427e+12	8.340173e+08	1.370076e+09	-5.375494e+08	-8.860160e+09	2.796756e+11	-2.869892e+08	7.961561e+08	9.500000e+09	2.372000e+09	72.297502	14.418545	13.283953	AFE
6.224944e+08	-8.659296e+10	1.952206e+12	5.260441e+08	3.825929e+09	-6.080155e+08	-2.492377e+10	1.398521e+12	-4.218936e+08	4.350497e+08	9.500000e+09	2.372000e+09	20.090519	68.131188	11.778293	AFE
5.718309e+08	-1.227819e+11	3.514320e+12	7.406557e+08	2.244214e+09	-4.224747e+08	-2.445836e+10	7.348802e+11	-1.106317e+08	8.272889e+08	9.500000e+09	2.372000e+09	50.918935	13.359581	35.721484	AFE
6.521863e+08	-1.013941e+11	2.628161e+12	6.027296e+08	1.805251e+09	-4.893118e+08	-2.181728e+10	1.252944e+12	-4.333548e+08	2.306947e+08	9.500000e+09	2.372000e+09	17.643267	69.945120	12.411614	AFE
7.491030e+08	-1.446594e+11	3.919861e+12	9.015260e+08	1.191593e+09	-6.642484e+08	-2.155699e+10	1.651575e+12	-3.468709e+08	9.100620e+08	9.500000e+09	2.372000e+09	40.490864	50.662114	8.847022	AFE
6.729997e+08	-1.178946e+11	3.319829e+12	6.200544e+08	3.526858e+09	-9.004276e+08	-1.542147e+10	2.439429e+12	-4.376999e+08	2.119389e+08	9.500000e+09	2.372000e+09	12.846607	73.340222	13.813171	AFE
5.506353e+08	-6.232776e+10	1.208958e+12	4.998652e+08	1.494521e+09	-6.251567e+08	-2.259167e+10	1.342257e+12	-4.338323e+08	7.533166e+08	9.500000e+09	2.372000e+09	34.276605	59.557596	6.165799	AFE
7.127161e+08	-9.903106e+10	2.474776e+12	5.112902e+08	1.228948e+09	-7.050913e+08	-3.296639e+09	1.278850e+12	-3.797453e+08	4.202626e+08	9.500000e+09	2.372000e+09	45.888593	20.262164	33.849244	AFE
6.504914e+08	-9.036245e+10	2.063160e+12	6.051149e+08	2.417865e+09	-3.843427e+08	-2.504896e+10	3.195583e+11	-1.560664e+08	8.203218e+08	9.500000e+09	2.372000e+09	72.297502	14.418545	13.283953	AFE
7.438897e+08	-1.229339e+11	3.168762e+12	8.516223e+08	4.451988e+09	-7.470569e+08	-2.522856e+10	2.167132e+12	-4.161541e+08	7.888121e+08	9.500000e+09	2.372000e+09	12.743160	46.725753	40.531087	AFE
6.539789e+08	-1.169398e+11	2.682209e+12	7.317801e+08	3.914380e+09	-7.825582e+08	-2.338159e+10	3.259481e+12	-4.869838e+08	8.196560e+08	9.500000e+09	2.372000e+09	52.541462	8.558492	38.900046	AFE
7.037932e+08	-1.071334e+11	2.572864e+12	6.753800e+08	9.491684e+08	-6.955939e+08	-2.649066e+10	2.114528e+12	-3.658999e+08	7.104556e+08	9.500000e+09	2.372000e+09	43.880942	48.670760	7.448299	AFE
5.745335e+08	-7.017528e+10	1.714185e+12	3.644477e+08	3.414214e+09	-9.552792e+08	-1.315394e+10	5.135364e+12	-4.593691e+08	8.228034e+08	9.500000e+09	2.372000e+09	23.786821	63.290324	12.922855	AFE
7.756900e+08	-1.665259e+11	4.814087e+12	8.654932e+08	3.203686e+09	-7.088828e+08	-2.735723e+10	3.394338e+12	-4.763417e+08	7.332122e+08	9.500000e+09	2.372000e+09	49.781915	15.631231	34.586854	AFE
6.475857e+08	-9.698684e+10	2.221641e+12	5.491814e+08	1.929620e+09	-9.954009e+08	-1.967521e+10	3.698698e+12	-4.686739e+08	4.459742e+08	9.500000e+09	2.372000e+09	43.241081	26.921832	29.837087	AFE
5.160862e+08	-6.142248e+10	1.570055e+12	4.008949e+08	2.995955e+09	-3.875022e+08	-2.303504e+10	4.003835e+11	-3.737547e+08	8.072524e+08	9.500000e+09	2.372000e+09	45.888593	20.262164	33.849244	AFE
7.794002e+08	-1.051668e+11	2.681263e+12	6.927553e+08	3.844783e+09	-7.239304e+08	-2.612065e+10	1.009698e+12	-2.134220e+08	4.049141e+08	9.500000e+09	2.372000e+09	12.743160	46.725753	40.531087	AFE
7.125364e+08	-1.002541e+11	2.603176e+12	5.795426e+08	3.436982e+09	-5.996897e+08	-1.630081e+10	1.100370e+12	-3.546146e+08	2.530092e+08	9.500000e+09	2.372000e+09	23.786821	63.290324	12.922855	AFE
5.738911e+08	-5.734431e+10	1.069850e+12	4.445218e+08	2.357746e+09	-6.058392e+08	-1.026045e+10	9.954708e+11	-2.924692e+08	4.157622e+08	9.500000e+09	2.372000e+09	72.297502	14.418545	13.283953	AFE
5.682648e+08	-8.146827e+10	1.690488e+12	7.152707e+08	3.445429e+09	-4.359062e+08	-2.623220e+10	1.197945e+12	-3.437210e+08	8.490169e+08	9.500000e+09	2.372000e+09	49.781915	15.631231	34.586854	AFE
5.790045e+08	-1.217750e+11	3.475987e+12	7.617047e+08	1.875264e+09	-5.926941e+08	-1.424218e+10	4.561528e+11	-3.733193e+08	3.606326e+08	9.500000e+09	2.372000e+09	52.541462	8.558492	38.900046	AFE
7.759802e+08	-1.541561e+11	4.398476e+12	7.991855e+08	4.786543e+09	-5.246924e+08	-2.215535e+10	1.059982e+12	-4.593306e+08	8.106570e+08	9.500000e+09	2.372000e+09	12.743160	46.725753	40.531087	AFE
6.908459e+08	-1.047048e+11	2.381484e+12	8.304704e+08	1.670394e+09	-1.029452e+09	-2.350202e+10	8.844677e+12	-4.925783e+08	7.162027e+08	9.500000e+09	2.372000e+09	61.757056	17.132319	21.110625	AFE
6.331456e+08	-1.079603e+11	2.971347e+12	7.568483e+08	3.637646e+09	-9.684449e+08	-2.768640e+10	2.848414e+12	-4.196364e+08	7.306704e+08	9.500000e+09	2.372000e+09	72.297502	14.418545	13.283953	AFE
7.184796e+08	-9.558282e+10	2.167636e+12	5.748175e+08	9.433747e+08	-8.447075e+08	-2.638384e+10	3.000032e+12	-4.095898e+08	4.532480e+08	9.500000e+09	2.372000e+09	40.490864	50.662114	8.847022	AFE
6.539583e+08	-9.491383e+10	2.627908e+12	7.127860e+08	3.660656e+09	-9.191190e+08	-9.550162e+09	2.210263e+12	-4.104830e+08	2.998066e+08	9.500000e+09	2.372000e+09	40.490864	50.662114	8.847022	AFE
6.090076e+08	-1.021389e+11	2.290917e+12	5.907631e+08	3.955890e+09	-7.492220e+08	-2.775859e+10	2.787439e+12	-4.489754e+08	6.491521e+08	9.500000e+09	2.372000e+09	41.468795	26.910249	31.620956	AFE
6.571631e+08	-9.205919e+10	1.812367e+12	6.424722e+08	1.632942e+09	-6.242642e+08	-2.751151e+10	2.435845e+12	-4.602635e+08	2.519498e+08	9.500000e+09	2.372000e+09	12.743160	46.725753	40.531087	AFE
7.520231e+08	-1.246872e+11	2.953321e+12	5.969145e+08	1.691037e+09	-6.670842e+08	-7.484514e+09	6.793605e+11	-4.278582e+08	7.537587e+08	9.500000e+09	2.372000e+09	17.643267	69.945120	12.411614	AFE
6.613583e+08	-1.063505e+11	2.645459e+12	5.435836e+08	3.617089e+09	-8.175748e+08	-2.302929e+10	2.161200e+12	-4.335515e+08	7.278818e+08	9.500000e+09	2.372000e+09	72.297502	14.418545	13.283953	AFE
5.536168e+08	-6.207750e+10	1.318153e+12	4.594421e+08	1.008340e+09	-5.435584e+08	-1.825461e+10	8.939167e+11	-3.665875e+08	4.955964e+08	9.500000e+09	2.372000e+09	12.743160	46.725753	40.531087	AFE
7.247943e+08	-1.129929e+11	2.592769e+12	6.090002e+08	3.847921e+09	-4.571220e+08	-2.239919e+10	3.240870e+11	-1.603756e+08	4.670770e+08	9.500000e+09	2.372000e+09	12.846607	73.340222	13.813171	AFE
6.392604e+08	-1.278750e+11	3.392514e+12	7.421982e+08	4.175860e+09	-5.568383e+08	-1.790812e+10	5.224897e+11	-3.183076e+08	1.727782e+08	9.500000e+09	2.372000e+09	17.643267	69.945120	12.411614	AFE
7.516249e+08	-1.368385e+11	3.778010e+12	7.200391e+08	3.600001e+09	-9.362922e+08	-2.735196e+10	3.483676e+12	-4.126855e+08	1.809011e+08	9.500000e+09	2.372000e+09	21.600969	39.984328	38.414704	AFE
6.112943e+08	-8.780389e+10	2.324601e+12	6.231578e+08	3.375947e+09	-3.650067e+08	-2.016221e+10	6.040543e+11	-3.062071e+08	4.247757e+08	9.500000e+09	2.372000e+09	72.297502	14.418545	13.283953	AFE
6.871558e+08	-1.460992e+11	3.898248e+12	8.243839e+08	1.397705e+09	-6.768607e+08	-3.969844e+09	8.102358e+11	-4.461117e+08	4.910627e+08	9.500000e+09	2.372000e+09	25.645647	36.408641	37.945712	AFE
6.666958e+08	-9.502753e+10	2.142819e+12	6.513875e+08	1.370982e+09	-5.587412e+08	-1.857557e+10	4.092540e+11	-4.147088e+08	8.212963e+08	9.500000e+09	2.372000e+09	19.184062	62.039017	18.776922	AFE
6.128038e+08	-1.151086e+11	2.924418e+12	5.921710e+08	1.275485e+09	-7.273228e+08	-7.148856e+09	6.628365e+11	-3.563805e+08	8.208008e+08	9.500000e+09	2.372000e+09	12.743160	46.725753	40.531087	AFE
6.084531e+08	-6.624754e+10	1.437052e+12	4.183309e+08	3.758891e+09	-7.514466e+08	-7.496562e+09	1.805985e+12	-3.945318e+08	2.697496e+08	9.500000e+09	2.372000e+09	72.297502	14.418545	13.283953	AFE
6.001402e+08	-1.114604e+11	2.712575e+12	6.248529e+08	1.789211e+09	-7.369191e+08	-1.952459e+10	2.359630e+12	-3.910208e+08	6.848529e+08	9.500000e+09	2.372000e+09	12.743160	46.725753	40.531087	AFE
7.254311e+08	-1.327108e+11	3.630308e+12	8.022513e+08	3.388531e+09	-7.720503e+08	-1.901740e+10	1.650742e+12	-3.793544e+08	7.968682e+08	9.500000e+09	2.372000e+09	72.297502	14.418545	13.283953	AFE
6.503586e+08	-9.869503e+10	1.870494e+12	6.613166e+08	1.642897e+09	-9.672123e+08	-1.023250e+10	3.843811e+12	-4.607434e+08	8.583999e+08	9.500000e+09	2.372000e+09	45.888593	20.262164	33.849244	AFE
6.457635e+08	-9.569762e+10	2.082645e+12	5.093219e+08	1.419484e+09	-6.106773e+08	-2.797744e+10	1.850428e+12	-3.441093e+08	7.621662e+08	9.500000e+09	2.372000e+09	17.643267	69.945120	12.411614	AFE
5.910101e+08	-8.811167e+10	2.044250e+12	6.619941e+08	4.063139e+09	-8.559272e+08	-1.110327e+10	1.098565e+12	-4.275795e+08	7.788142e+08	9.500000e+09	2.372000e+09	72.297502	14.418545	13.283953	AFE
7.544373e+08	-1.448165e+11	3.934039e+12	8.550589e+08	3.758356e+09	-9.632039e+08	-2.331187e+10	8.403083e+12	-4.856504e+08	2.773063e+08	9.500000e+09	2.372000e+09	20.090519	68.131188	11.778293	AFE
7.256279e+08	-1.479467e+11	4.038191e+12	7.961886e+08	4.435964e+09	-7.414954e+08	-1.209115e+10	2.641578e+12	-4.409533e+08	3.507023e+08	9.500000e+09	2.372000e+09	49.781915	15.631231	34.586854	AFE
7.756900e+08	-1.665259e+11	4.814087e+12	8.654932e+08	3.203686e+09	-7.088828e+08	-2.735723e+10	3.394338e+12	-4.763417e+08	7.332122e+08	9.500000e+09	2.372000e+09	72.297502	14.418545	13.283953	AFE
6.901358e+08	-1.400072e+11	3.570145e+12	7.969363e+08	4.578344e+09	-9.099943e+08	-2.760773e+10	6.240893e+12	-4.159744e+08	6.295335e+08	9.500000e+09	2.372000e+09	43.880942	48.670760	7.448299	AFE
7.684528e+08	-1.383098e+11	3.381051e+12	6.831407e+08	1.922477e+09	-6.608419e+08	-2.266846e+10	2.749459e+12	-3.953403e+08	3.938147e+08	9.500000e+09	2.372000e+09	52.541462	8.558492	38.900046	AFE
7.392914e+08	-1.334139e+11	3.502886e+12	7.287342e+08	1.453033e+09	-7.404259e+08	-8.872555e+09	2.343343e+12	-4.479660e+08	6.107670e+08	9.500000e+09	2.372000e+09	40.490864	50.662114	8.847022	AFE
5.283033e+08	-6.072415e+10	1.139965e+12	4.994350e+08	3.553228e+09	-1.070173e+09	-1.214969e+10	5.659129e+12	-4.829055e+08	3.224720e+08	9.500000e+09	2.372000e+09	45.888593	20.262164	33.849244	AFE
5.722367e+08	-6.743403e+10	1.181393e+12	4.248020e+08	2.674798e+09	-8.236630e+08	-2.091114e+10	2.149361e+12	-3.927660e+08	4.005674e+08	9.500000e+09	2.372000e+09	12.846607	73.340222	13.813171	AFE
6.641080e+08	-1.093498e+11	2.398067e+12	7.108255e+08	3.352571e+09	-4.280968e+08	-6.771513e+09	1.766762e+11	-3.258923e+08	3.687861e+08	9.500000e+09	2.372000e+09	72.297502	14.418545	13.283953	AFE
7.207267e+08	-1.612812e+11	4.113181e+12	8.931827e+08	3.696852e+09	-3.041907e+08	-1.507591e+10	2.782969e+11	-1.637893e+08	3.851468e+08	9.500000e+09	2.372000e+09	56.784824	20.244327	22.970849	AFE
7.602989e+08	-1.783772e+11	5.283837e+12	9.499867e+08	3.863792e+09	-4.371499e+08	-9.590833e+09	2.945268e+11	-1.421279e+08	5.374745e+08	9.500000e+09	2.372000e+09	23.786821	63.290324	12.922855	AFE
5.210515e+08	-6.954369e+10	1.477930e+12	3.736325e+08	1.477695e+09	-7.079175e+08	-2.971712e+10	2.382045e+12	-3.388446e+08	3.367871e+08	9.500000e+09	2.372000e+09	55.635622	16.549777	27.814601	AFE
7.340702e+08	-1.592502e+11	4.194987e+12	8.120378e+08	2.469800e+09	-9.133593e+08	-2.354935e+10	6.243509e+12	-4.523568e+08	8.487834e+08	9.500000e+09	2.372000e+09	72.297502	14.418545	13.283953	AFE
7.407587e+08	-1.028657e+11	2.777290e+12	7.041255e+08	3.474740e+09	-3.888866e+08	-1.637844e+10	2.142244e+11	-9.157563e+07	3.060644e+08	9.500000e+09	2.372000e+09	59.601250	35.367156	5.031593	AFE
6.303798e+08	-9.673211e+10	2.845079e+12	6.754065e+08	3.840510e+09	-9.430240e+08	-1.889999e+10	5.123800e+12	-4.448904e+08	7.342603e+08	9.500000e+09	2.372000e+09	12.743160	46.725753	40.531087	AFE
8.180777e+08	-1.701055e+11	4.950597e+12	9.442850e+08	3.817441e+09	-6.097411e+08	-2.463561e+10	4.935737e+11	-3.487616e+08	2.445330e+08	9.500000e+09	2.372000e+09	21.600969	39.984328	38.414704	AFE
7.526351e+08	-1.472874e+11	3.513249e+12	8.412115e+08	2.609190e+09	-5.858613e+08	-2.058370e+10	2.079311e+12	-4.164157e+08	2.947910e+08	9.500000e+09	2.372000e+09	12.743160	46.725753	40.531087	AFE
7.630023e+08	-1.759010e+11	4.859000e+12	8.928548e+08	1.645813e+09	-7.973918e+08	-1.088488e+10	2.633807e+12	-4.589310e+08	7.140762e+08	9.500000e+09	2.372000e+09	45.888593	20.262164	33.849244	AFE
6.393579e+08	-1.269774e+11	3.623222e+12	7.256367e+08	1.667346e+09	-4.902519e+08	-1.233582e+10	2.871600e+11	-1.778296e+08	3.308326e+08	9.500000e+09	2.372000e+09	72.297502	14.418545	13.283953	AFE
7.241959e+08	-1.158445e+11	3.181995e+12	6.682095e+08	4.469106e+09	-9.511305e+08	-2.782999e+10	5.486179e+12	-4.811489e+08	4.215080e+08	9.500000e+09	2.372000e+09	62.284305	21.848630	15.867065	AFE
7.924067e+08	-1.429878e+11	3.760023e+12	6.420054e+08	1.869651e+09	-4.862200e+08	-2.288538e+10	1.169845e+12	-2.907528e+08	6.999745e+08	9.500000e+09	2.372000e+09	41.477034	31.884146	26.638820	AFE
5.412013e+08	-7.059852e+10	1.530976e+12	4.666479e+08	2.732746e+09	-5.027582e+08	-2.416653e+10	8.030477e+11	-3.998400e+08	6.203653e+08	9.500000e+09	2.372000e+09	23.786821	63.290324	12.922855	AFE
7.168194e+08	-1.229539e+11	3.076635e+12	8.048409e+08	1.621969e+09	-4.951667e+08	-2.260718e+10	3.583739e+11	-2.936686e+08	6.124431e+08	9.500000e+09	2.372000e+09	12.743160	46.725753	40.531087	AFE
7.342393e+08	-1.213099e+11	2.673968e+12	8.385341e+08	1.887314e+09	-5.438861e+08	-2.639901e+10	2.158254e+12	-4.307095e+08	7.605523e+08	9.500000e+09	2.372000e+09	61.757056	17.132319	21.110625	AFE
7.607233e+08	-1.751650e+11	4.647899e+12	9.308834e+08	1.183584e+09	-9.030881e+08	-2.404584e+10	1.934818e+12	-3.760939e+08	9.209444e+08	9.500000e+09	2.372000e+09	20.090519	68.131188	11.778293	AFE
7.745116e+08	-1.543376e+11	3.995408e+12	8.322422e+08	3.374231e+09	-3.786826e+08	-2.626110e+10	6.664228e+11	-1.725323e+08	9.411863e+08	9.500000e+09	2.372000e+09	12.743160	46.725753	40.531087	AFE
5.927370e+08	-1.202377e+11	3.529101e+12	7.397969e+08	2.305810e+09	-5.833673e+08	-2.569665e+10	7.875721e+11	-2.465846e+08	4.015886e+08	9.500000e+09	2.372000e+09	12.846607	73.340222	13.813171	AFE
7.605788e+08	-9.862765e+10	2.491081e+12	7.239528e+08	2.971876e+09	-7.990443e+08	-2.699445e+10	4.384445e+12	-4.804642e+08	7.155364e+08	9.500000e+09	2.372000e+09	40.890454	55.962128	3.147417	AFE
6.132770e+08	-1.169961e+11	2.922207e+12	6.714461e+08	3.207116e+09	-3.555433e+08	-2.288914e+10	9.776362e+11	-3.732653e+08	3.452649e+08	9.500000e+09	2.372000e+09	42.968779	17.810825	39.220396	AFE
8.108577e+08	-1.359498e+11	3.709100e+12	8.353571e+08	3.116273e+09	-9.538790e+08	-7.167645e+09	2.183469e+12	-4.629446e+08	4.651190e+08	9.500000e+09	2.372000e+09	17.643267	69.945120	12.411614	AFE
5.537692e+08	-6.686144e+10	1.174134e+12	5.547055e+08	1.122908e+09	-9.499428e+08	-1.858710e+10	6.769473e+12	-4.463216e+08	4.634138e+08	9.500000e+09	2.372000e+09	20.090519	68.131188	11.778293	AFE
7.372960e+08	-9.149601e+10	2.288398e+12	6.902662e+08	4.236574e+09	-8.892874e+08	-2.492014e+10	4.222115e+12	-3.705545e+08	3.426547e+08	9.500000e+09	2.372000e+09	19.422134	40.321195	40.256671	AFE
7.313290e+08	-1.184927e+11	2.983408e+12	6.634482e+08	3.753535e+09	-1.064786e+09	-2.180459e+10	6.007286e+12	-4.788378e+08	2.290929e+08	9.500000e+09	2.372000e+09	17.643267	69.945120	12.411614	AFE
6.916063e+08	-1.180683e+11	2.736044e+12	6.209898e+08	4.691298e+09	-4.033231e+08	-9.907795e+09	1.981098e+11	-2.882686e+08	6.681328e+08	9.500000e+09	2.372000e+09	23.786821	63.290324	12.922855	AFE
5.360187e+08	-7.481494e+10	1.413460e+12	7.151102e+08	1.851679e+09	-3.281426e+08	-1.353230e+10	3.671059e+11	-1.905496e+08	2.998566e+08	9.500000e+09	2.372000e+09	56.784824	20.244327	22.970849	AFE
6.289478e+08	-1.058843e+11	2.912608e+12	6.169857e+08	3.284138e+09	-4.572445e+08	-2.598707e+10	8.709662e+11	-1.235143e+08	7.205544e+08	9.500000e+09	2.372000e+09	12.846607	73.340222	13.813171	AFE
7.180708e+08	-1.475343e+11	3.640488e+12	8.364980e+08	1.428266e+09	-9.901430e+08	-8.107151e+09	5.298220e+12	-4.706178e+08	4.437435e+08	9.500000e+09	2.372000e+09	56.784824	20.244327	22.970849	AFE
7.254040e+08	-8.866948e+10	2.448235e+12	5.606181e+08	3.998324e+09	-6.271625e+08	-2.308827e+10	1.836228e+12	-2.632763e+08	2.525102e+08	9.500000e+09	2.372000e+09	62.284305	21.848630	15.867065	AFE
5.904934e+08	-9.564838e+10	2.132549e+12	6.057655e+08	4.208530e+09	-6.658584e+08	-1.008740e+10	1.310723e+12	-4.676895e+08	8.358645e+08	9.500000e+09	2.372000e+09	12.743160	46.725753	40.531087	AFE
5.752526e+08	-6.850059e+10	1.828781e+12	3.736241e+08	3.819711e+09	-3.791744e+08	-2.139540e+10	3.576385e+11	-8.616333e+07	4.870996e+08	9.500000e+09	2.372000e+09	42.968779	17.810825	39.220396	AFE
6.452683e+08	-1.169729e+11	2.607404e+12	7.509577e+08	4.637647e+09	-6.926895e+08	-2.384339e+10	2.232471e+12	-3.898097e+08	3.009600e+08	9.500000e+09	2.372000e+09	43.880942	48.670760	7.448299	AFE
5.030835e+08	-1.185778e+11	3.055010e+12	6.838854e+08	2.518690e+09	-9.793358e+08	-8.497162e+09	2.794739e+12	-4.741930e+08	4.214890e+08	9.500000e+09	2.372000e+09	19.422134	40.321195	40.256671	AFE
6.331875e+08	-6.477642e+10	1.552720e+12	4.751362e+08	1.251346e+09	-5.608118e+08	-1.195811e+10	7.800848e+11	-3.273028e+08	8.182111e+08	9.500000e+09	2.372000e+09	19.184062	62.039017	18.776922	AFE
7.254040e+08	-8.866948e+10	2.448235e+12	5.606181e+08	3.998324e+09	-6.271625e+08	-2.308827e+10	1.836228e+12	-2.632763e+08	2.525102e+08	9.500000e+09	2.372000e+09	23.786821	63.290324	12.922855	AFE
6.842918e+08	-9.366726e+10	2.445472e+12	6.346969e+08	2.114496e+09	-2.925007e+08	-2.301053e+10	1.955314e+11	-1.520277e+08	7.852232e+08	9.500000e+09	2.372000e+09	42.968779	17.810825	39.220396	AFE
6.591262e+08	-9.772540e+10	2.543223e+12	7.830010e+08	2.929870e+09	-1.024607e+09	-1.419172e+10	4.323886e+12	-4.654178e+08	5.697437e+08	9.500000e+09	2.372000e+09	12.743160	46.725753	40.531087	AFE
7.729733e+08	-1.207876e+11	3.515846e+12	8.726945e+08	2.151269e+09	-3.339682e+08	-2.436731e+10	4.623317e+11	-9.477122e+07	5.527752e+08	9.500000e+09	2.372000e+09	42.968779	17.810825	39.220396	AFE
7.092401e+08	-1.111979e+11	3.169984e+12	7.042824e+08	3.422750e+09	-1.053388e+09	-2.515811e+10	6.212191e+12	-4.592653e+08	7.532968e+08	9.500000e+09	2.372000e+09	19.264708	59.067449	21.667843	AFE
7.982445e+08	-1.674314e+11	4.783252e+12	8.017490e+08	1.629189e+09	-8.763816e+08	-9.839300e+09	3.119426e+12	-4.805588e+08	7.572859e+08	9.500000e+09	2.372000e+09	72.297502	14.418545	13.283953	AFE
5.545114e+08	-7.468047e+10	1.594570e+12	4.905420e+08	3.479719e+09	-2.459318e+08	-1.754336e+10	1.211087e+11	-1.088368e+08	4.520863e+08	9.500000e+09	2.372000e+09	40.490864	50.662114	8.847022	AFE
7.914924e+08	-1.596117e+11	4.395444e+12	8.621813e+08	1.227176e+09	-6.485918e+08	-2.436777e+10	9.362909e+11	-3.832944e+08	3.760137e+08	9.500000e+09	2.372000e+09	52.541462	8.558492	38.900046	AFE
5.319308e+08	-1.178323e+11	3.462952e+12	5.745477e+08	3.771678e+09	-8.473432e+08	-1.173409e+10	2.631505e+12	-4.547195e+08	3.863837e+08	9.500000e+09	2.372000e+09	62.284305	21.848630	15.867065	AFE
5.719267e+08	-9.852226e+10	2.339803e+12	6.146417e+08	4.014547e+09	-6.089187e+08	-2.433061e+10	6.467173e+11	-1.844057e+08	8.582795e+08	9.500000e+09	2.372000e+09	26.512322	38.221038	35.266639	AFE
6.152264e+08	-9.428107e+10	2.491809e+12	7.506678e+08	2.722634e+09	-7.748105e+08	-2.934308e+10	2.675666e+12	-4.340851e+08	7.635451e+08	9.500000e+09	2.372000e+09	12.846607	73.340222	13.813171	AFE
6.022363e+08	-7.529563e+10	1.801342e+12	6.975502e+08	3.835539e+09	-6.654160e+08	-1.264582e+10	1.427620e+12	-3.746169e+08	4.842631e+08	9.500000e+09	2.372000e+09	12.846607	73.340222	13.813171	AFE
5.827192e+08	-7.773035e+10	1.677535e+12	5.926651e+08	4.161538e+09	-8.776009e+08	-1.880478e+10	5.296312e+12	-4.957978e+08	3.716527e+08	9.500000e+09	2.372000e+09	72.297502	14.418545	13.283953	AFE
5.587429e+08	-7.616639e+10	1.535986e+12	5.832948e+08	1.170708e+09	-8.640877e+08	-8.312784e+09	1.269868e+12	-4.721380e+08	1.675490e+08	9.500000e+09	2.372000e+09	12.743160	46.725753	40.531087	AFE
8.134704e+08	-1.773820e+11	5.279221e+12	9.361407e+08	3.431889e+09	-8.472254e+08	-2.706196e+10	4.349617e+12	-3.923363e+08	5.589310e+08	9.500000e+09	2.372000e+09	34.276605	59.557596	6.165799	AFE
6.984551e+08	-1.135627e+11	2.794273e+12	7.643334e+08	2.538390e+09	-6.873107e+08	-2.555898e+10	2.621873e+12	-4.071186e+08	3.323840e+08	9.500000e+09	2.372000e+09	52.541462	8.558492	38.900046	AFE
7.777647e+08	-1.597373e+11	4.290982e+12	8.998067e+08	1.814337e+09	-5.407942e+08	-1.782694e+10	2.961030e+11	-2.664476e+08	1.379190e+08	9.500000e+09	2.372000e+09	45.888593	20.262164	33.849244	AFE
6.427631e+08	-1.060244e+11	2.373977e+12	7.036837e+08	3.843635e+09	-3.110065e+08	-2.027590e+10	3.335147e+11	-1.909171e+08	8.020587e+08	9.500000e+09	2.372000e+09	12.743160	46.725753	40.531087	AFE
7.867335e+08	-1.740560e+11	4.840667e+12	9.863239e+08	2.165279e+09	-4.625951e+08	-2.235127e+10	3.477693e+11	-5.634592e+07	4.935199e+08	9.500000e+09	2.372000e+09	41.931788	49.013609	9.054604	AFE
6.886813e+08	-1.141793e+11	3.219575e+12	7.849473e+08	4.187814e+09	-7.771430e+08	-7.997679e+09	1.949373e+12	-4.551396e+08	7.175749e+08	9.500000e+09	2.372000e+09	72.297502	14.418545	13.283953	AFE
6.066221e+08	-7.975235e+10	1.449283e+12	6.162321e+08	4.368635e+09	-9.370469e+08	-2.208499e+10	6.713525e+12	-4.642332e+08	4.635598e+08	9.500000e+09	2.372000e+09	28.768878	64.620314	6.610808	AFE
6.249748e+08	-9.485387e+10	2.416373e+12	6.104920e+08	1.195769e+09	-6.573968e+08	-2.111811e+10	2.108101e+12	-3.324418e+08	2.370346e+08	9.500000e+09	2.372000e+09	43.880942	48.670760	7.448299	AFE
5.719267e+08	-9.852226e+10	2.339803e+12	6.146417e+08	4.014547e+09	-6.089187e+08	-2.433061e+10	6.467173e+11	-1.844057e+08	8.582795e+08	9.500000e+09	2.372000e+09	43.880942	48.670760	7.448299	AFE
7.835745e+08	-1.642209e+11	4.769615e+12	9.202286e+08	3.649465e+09	-2.643917e+08	-2.648080e+10	9.319578e+11	-4.025558e+08	7.254017e+08	9.500000e+09	2.372000e+09	45.888593	20.262164	33.849244	AFE
5.480217e+08	-5.243329e+10	9.305302e+11	3.427115e+08	3.059399e+09	-5.675783e+08	-2.563902e+10	6.143576e+11	-2.482646e+08	4.482738e+08	9.500000e+09	2.372000e+09	22.974933	58.586446	18.438621	AFE
5.815466e+08	-7.599659e+10	1.350968e+12	6.468035e+08	2.313872e+09	-5.712217e+08	-2.573311e+10	7.152300e+11	-1.497311e+08	3.754542e+08	9.500000e+09	2.372000e+09	33.713125	34.137007	32.149867	AFE
7.026120e+08	-1.067925e+11	2.976009e+12	7.926206e+08	1.412445e+09	-7.880091e+08	-2.117554e+10	2.125483e+12	-4.235171e+08	2.786492e+08	9.500000e+09	2.372000e+09	6.545384	64.776549	28.678067	AFE
6.832070e+08	-1.029057e+11	2.858319e+12	7.639400e+08	1.136518e+09	-9.613143e+08	-2.355590e+10	3.854782e+12	-3.936390e+08	8.041228e+08	9.500000e+09	2.372000e+09	21.600969	39.984328	38.414704	AFE
6.896727e+08	-1.236951e+11	3.660950e+12	7.627320e+08	2.759905e+09	-6.614954e+08	-2.619617e+10	2.272955e+12	-4.019676e+08	3.836071e+08	9.500000e+09	2.372000e+09	56.784824	20.244327	22.970849	AFE
6.393158e+08	-9.061437e+10	1.903061e+12	5.635187e+08	4.119617e+09	-7.694209e+08	-2.214064e+10	2.811748e+12	-4.095649e+08	7.815443e+08	9.500000e+09	2.372000e+09	12.743160	46.725753	40.531087	AFE
6.078668e+08	-1.205405e+11	3.432419e+12	6.756283e+08	3.124868e+09	-1.350456e+08	-1.902986e+10	1.461103e+11	-1.047118e+08	3.390064e+08	9.500000e+09	2.372000e+09	49.781915	15.631231	34.586854	AFE
7.800204e+08	-1.445369e+11	3.647550e+12	7.431251e+08	4.384796e+09	-5.519230e+08	-2.684448e+10	2.024669e+12	-4.079794e+08	4.601848e+08	9.500000e+09	2.372000e+09	12.846607	73.340222	13.813171	AFE
5.507621e+08	-8.618601e+10	2.289013e+12	6.789820e+08	1.082106e+09	-3.821345e+08	-2.289820e+10	5.523225e+11	-3.992734e+08	4.774405e+08	9.500000e+09	2.372000e+09	45.888593	20.262164	33.849244	AFE
5.968242e+08	-1.030060e+11	2.401139e+12	7.051983e+08	2.028613e+09	-7.323965e+08	-2.769968e+09	7.593163e+11	-4.411876e+08	2.656105e+08	9.500000e+09	2.372000e+09	23.786821	63.290324	12.922855	AFE
7.200615e+08	-1.441080e+11	3.890617e+12	9.175999e+08	3.372793e+09	-9.049379e+08	-8.644769e+09	1.930631e+12	-4.726416e+08	8.143187e+08	9.500000e+09	2.372000e+09	12.743160	46.725753	40.531087	AFE
5.557007e+08	-7.414539e+10	1.683894e+12	3.693126e+08	1.798274e+09	-8.876071e+08	-2.749424e+10	6.441033e+12	-4.763967e+08	3.133484e+08	9.500000e+09	2.372000e+09	49.781915	15.631231	34.586854	AFE
6.094070e+08	-1.104724e+11	2.608165e+12	5.899782e+08	8.985705e+08	-1.035441e+09	-2.318798e+10	6.571954e+12	-4.906582e+08	7.858066e+08	9.500000e+09	2.372000e+09	20.090519	68.131188	11.778293	AFE
5.422432e+08	-6.139617e+10	1.298966e+12	4.707544e+08	3.408423e+09	-9.102782e+08	-2.414462e+10	4.196251e+12	-4.677431e+08	8.412555e+08	9.500000e+09	2.372000e+09	25.645647	36.408641	37.945712	AFE
6.099135e+08	-1.103033e+11	2.634780e+12	6.458393e+08	9.068251e+08	-3.542552e+08	-1.168280e+10	3.876536e+11	-2.792934e+08	3.075355e+08	9.500000e+09	2.372000e+09	12.743160	46.725753	40.531087	AFE
7.387038e+08	-1.176018e+11	3.063709e+12	5.921854e+08	1.443723e+09	-3.155081e+08	-1.572552e+10	3.028032e+11	-2.068477e+08	8.206760e+08	9.500000e+09	2.372000e+09	17.643267	69.945120	12.411614	AFE
7.041696e+08	-9.240875e+10	2.471288e+12	4.930013e+08	2.105431e+09	-9.637713e+08	-1.121833e+10	3.084115e+12	-4.482812e+08	3.074257e+08	9.500000e+09	2.372000e+09	72.297502	14.418545	13.283953	AFE
7.067715e+08	-1.216579e+11	2.731520e+12	7.310440e+08	3.627346e+09	-3.345105e+08	-2.825576e+10	6.826199e+11	-1.330295e+08	3.595057e+08	9.500000e+09	2.372000e+09	12.846607	73.340222	13.813171	AFE
7.765805e+08	-1.639308e+11	4.165743e+12	9.315417e+08	2.986945e+09	-3.673301e+08	-1.836694e+10	4.426244e+11	-2.704509e+08	2.726419e+08	9.500000e+09	2.372000e+09	12.743160	46.725753	40.531087	AFE
6.870681e+08	-1.292504e+11	2.953802e+12	7.632552e+08	3.893209e+09	-7.328023e+08	-2.385636e+10	1.510872e+12	-3.438682e+08	9.077554e+08	9.500000e+09	2.372000e+09	12.846607	73.340222	13.813171	AFE
6.199454e+08	-7.809357e+10	1.391719e+12	6.434676e+08	4.108492e+09	-3.846628e+08	-1.918313e+10	7.555112e+11	-3.288902e+08	4.939440e+08	9.500000e+09	2.372000e+09	12.743160	46.725753	40.531087	AFE
8.151260e+08	-1.338664e+11	3.881704e+12	8.006532e+08	3.645941e+09	-7.086648e+08	-6.913034e+09	7.775411e+11	-3.416189e+08	8.937905e+08	9.500000e+09	2.372000e+09	49.781915	15.631231	34.586854	AFE
5.756311e+08	-9.998404e+10	2.477392e+12	6.841412e+08	7.207946e+08	-8.725442e+08	-2.724140e+10	2.490212e+12	-3.641088e+08	2.679090e+08	9.500000e+09	2.372000e+09	45.888593	20.262164	33.849244	AFE
5.480217e+08	-5.243329e+10	9.305302e+11	3.427115e+08	3.059399e+09	-5.675783e+08	-2.563902e+10	6.143576e+11	-2.482646e+08	4.482738e+08	9.500000e+09	2.372000e+09	49.781915	15.631231	34.586854	AFE
6.072380e+08	-1.164684e+11	3.077376e+12	7.029180e+08	2.088662e+09	-7.177723e+08	-1.979630e+10	9.213855e+11	-3.802984e+08	7.138722e+08	9.500000e+09	2.372000e+09	72.297502	14.418545	13.283953	AFE
6.827401e+08	-1.025470e+11	2.698246e+12	6.577485e+08	1.188806e+09	-7.777974e+08	-5.850668e+09	1.679795e+12	-4.516328e+08	1.811767e+08	9.500000e+09	2.372000e+09	12.743160	46.725753	40.531087	AFE
5.607543e+08	-1.081177e+11	2.867177e+12	6.302004e+08	3.817278e+09	-6.539340e+08	-2.416137e+10	1.759152e+12	-3.397078e+08	1.354655e+08	9.500000e+09	2.372000e+09	17.643267	69.945120	12.411614	AFE
6.752269e+08	-9.496452e+10	2.491684e+12	5.527270e+08	1.929528e+09	-1.000833e+09	-2.479025e+10	4.937135e+12	-4.619529e+08	3.544804e+08	9.500000e+09	2.372000e+09	19.422134	40.321195	40.256671	AFE
5.593409e+08	-8.920617e+10	1.734810e+12	6.036011e+08	2.481416e+09	-3.673054e+08	-2.057804e+10	2.859028e+11	-1.055647e+08	3.076451e+08	9.500000e+09	2.372000e+09	17.643267	69.945120	12.411614	AFE
5.774239e+08	-7.576213e+10	2.050677e+12	4.746617e+08	3.822982e+09	-7.925919e+08	-1.429316e+10	1.575120e+12	-4.098546e+08	3.177296e+08	9.500000e+09	2.372000e+09	45.888593	20.262164	33.849244	AFE
5.973475e+08	-8.511000e+10	1.761168e+12	6.529044e+08	2.447376e+09	-5.641255e+08	-8.788938e+09	6.543264e+11	-3.910538e+08	7.777454e+08	9.500000e+09	2.372000e+09	17.643267	69.945120	12.411614	AFE
6.311578e+08	-7.532779e+10	1.550117e+12	6.807714e+08	2.893564e+09	-3.605326e+08	-2.256965e+10	4.371463e+11	-1.686049e+08	9.316737e+08	9.500000e+09	2.372000e+09	43.241081	26.921832	29.837087	AFE
5.942347e+08	-5.993891e+10	1.224661e+12	6.109024e+08	1.171450e+09	-1.015027e+09	-8.199881e+09	3.318218e+12	-4.648453e+08	2.322006e+08	9.500000e+09	2.372000e+09	40.490864	50.662114	8.847022	AFE
6.695839e+08	-8.399038e+10	2.010212e+12	5.050765e+08	2.879687e+09	-7.596267e+08	-1.104215e+10	1.629668e+12	-4.280759e+08	3.290838e+08	9.500000e+09	2.372000e+09	17.643267	69.945120	12.411614	AFE
6.508900e+08	-1.072597e+11	2.874895e+12	6.295092e+08	1.469891e+09	-4.839494e+08	-2.329649e+10	5.840323e+11	-1.450101e+08	2.736395e+08	9.500000e+09	2.372000e+09	40.490864	50.662114	8.847022	AFE
7.320199e+08	-1.124236e+11	2.366345e+12	6.855990e+08	2.200485e+09	-1.124388e+09	-2.991664e+10	1.177717e+13	-4.947466e+08	3.888087e+08	9.500000e+09	2.372000e+09	45.888593	20.262164	33.849244	AFE
6.078090e+08	-1.048055e+11	3.145199e+12	7.095974e+08	3.484436e+09	-3.425155e+08	-1.678406e+10	4.899412e+11	-1.964294e+08	5.633883e+08	9.500000e+09	2.372000e+09	28.768878	64.620314	6.610808	AFE
6.357646e+08	-1.010462e+11	2.542046e+12	5.508303e+08	3.550348e+09	-1.012528e+09	-7.121003e+09	2.763208e+12	-4.633591e+08	7.507336e+08	9.500000e+09	2.372000e+09	42.968779	17.810825	39.220396	AFE
6.038775e+08	-7.920613e+10	1.568014e+12	5.493189e+08	1.567523e+09	-4.487670e+08	-2.382812e+10	4.637339e+11	-8.468520e+07	4.486179e+08	9.500000e+09	2.372000e+09	72.297502	14.418545	13.283953	AFE
6.829045e+08	-9.511073e+10	2.262333e+12	5.979459e+08	3.786580e+09	-5.550375e+08	-9.537333e+09	9.953668e+11	-4.205060e+08	3.534532e+08	9.500000e+09	2.372000e+09	42.968779	17.810825	39.220396	AFE
5.506353e+08	-6.232776e+10	1.208958e+12	4.998652e+08	1.494521e+09	-6.251567e+08	-2.259167e+10	1.342257e+12	-4.338323e+08	7.533166e+08	9.500000e+09	2.372000e+09	52.541462	8.558492	38.900046	AFE
7.307140e+08	-9.946039e+10	2.348309e+12	5.723033e+08	4.622246e+09	-3.912366e+08	-1.548429e+10	3.439680e+11	-2.226751e+08	9.121975e+08	9.500000e+09	2.372000e+09	61.757056	17.132319	21.110625	AFE
5.545482e+08	-1.218573e+11	3.287179e+12	7.291869e+08	3.482845e+09	-7.824253e+08	-7.867730e+09	1.907213e+12	-4.227641e+08	2.209755e+08	9.500000e+09	2.372000e+09	41.468795	26.910249	31.620956	AFE
5.934914e+08	-8.442710e+10	2.136581e+12	4.709459e+08	1.227922e+09	-8.609062e+08	-7.665555e+09	2.111747e+12	-4.979590e+08	2.697275e+08	9.500000e+09	2.372000e+09	42.968779	17.810825	39.220396	AFE
5.506353e+08	-6.232776e+10	1.208958e+12	4.998652e+08	1.494521e+09	-6.251567e+08	-2.259167e+10	1.342257e+12	-4.338323e+08	7.533166e+08	9.500000e+09	2.372000e+09	72.297502	14.418545	13.283953	AFE
7.026120e+08	-1.067925e+11	2.976009e+12	7.926206e+08	1.412445e+09	-7.880091e+08	-2.117554e+10	2.125483e+12	-4.235171e+08	2.786492e+08	9.500000e+09	2.372000e+09	74.533655	8.357713	17.108632	AFE
6.038775e+08	-7.920613e+10	1.568014e+12	5.493189e+08	1.567523e+09	-4.487670e+08	-2.382812e+10	4.637339e+11	-8.468520e+07	4.486179e+08	9.500000e+09	2.372000e+09	12.743160	46.725753	40.531087	AFE
5.826227e+08	-6.209980e+10	1.376977e+12	5.439540e+08	8.243547e+08	-8.609973e+08	-2.510460e+10	4.083683e+12	-4.657629e+08	2.858318e+08	9.500000e+09	2.372000e+09	12.743160	46.725753	40.531087	AFE
5.432363e+08	-8.419695e+10	1.772806e+12	5.317464e+08	3.824555e+09	-8.885741e+08	-2.465545e+10	3.996234e+12	-4.673959e+08	8.938970e+08	9.500000e+09	2.372000e+09	72.297502	14.418545	13.283953	AFE
6.077397e+08	-1.102934e+11	3.027430e+12	5.591067e+08	3.817431e+09	-5.189510e+08	-2.189187e+10	7.711155e+11	-1.822805e+08	2.644466e+08	9.500000e+09	2.372000e+09	34.276605	59.557596	6.165799	AFE
6.503586e+08	-9.869503e+10	1.870494e+12	6.613166e+08	1.642897e+09	-9.672123e+08	-1.023250e+10	3.843811e+12	-4.607434e+08	8.583999e+08	9.500000e+09	2.372000e+09	40.490864	50.662114	8.847022	AFE
6.957402e+08	-1.316197e+11	3.614111e+12	7.505156e+08	1.553758e+09	-7.065688e+08	-1.392573e+10	9.144162e+11	-4.291572e+08	8.851989e+08	9.500000e+09	2.372000e+09	12.743160	46.725753	40.531087	AFE
6.596484e+08	-8.670214e+10	2.204731e+12	5.899299e+08	3.954141e+09	-2.716237e+08	-1.397057e+10	2.564062e+11	-9.802754e+07	3.514603e+08	9.500000e+09	2.372000e+09	33.713125	34.137007	32.149867	AFE
6.465455e+08	-1.043892e+11	2.944083e+12	7.628534e+08	3.987978e+09	-5.164812e+08	-2.115395e+10	6.419364e+11	-3.734378e+08	3.858453e+08	9.500000e+09	2.372000e+09	12.743160	46.725753	40.531087	AFE
5.998977e+08	-9.873938e+10	2.391012e+12	7.453908e+08	3.507178e+09	-8.299301e+08	-2.107748e+10	1.347773e+12	-3.664293e+08	1.507428e+08	9.500000e+09	2.372000e+09	37.732870	32.787938	29.479193	AFE
5.698390e+08	-6.057038e+10	1.113804e+12	4.554569e+08	3.968151e+09	-5.045596e+08	-7.470171e+09	4.990630e+11	-3.501706e+08	7.016127e+08	9.500000e+09	2.372000e+09	23.786821	63.290324	12.922855	AFE
7.684528e+08	-1.383098e+11	3.381051e+12	6.831407e+08	1.922477e+09	-6.608419e+08	-2.266846e+10	2.749459e+12	-3.953403e+08	3.938147e+08	9.500000e+09	2.372000e+09	12.846607	73.340222	13.813171	AFE
7.215257e+08	-1.099473e+11	3.148614e+12	7.703574e+08	1.599736e+09	-4.459110e+08	-2.179869e+10	4.856188e+11	-6.572611e+07	7.916566e+08	9.500000e+09	2.372000e+09	43.241081	26.921832	29.837087	AFE
7.634525e+08	-1.525502e+11	4.250869e+12	8.027211e+08	3.458322e+09	-5.141529e+08	-7.862683e+09	3.215292e+11	-3.848407e+08	3.077052e+08	9.500000e+09	2.372000e+09	72.297502	14.418545	13.283953	AFE
7.122579e+08	-8.712190e+10	2.031766e+12	6.689039e+08	1.278500e+09	-6.428229e+08	-1.930167e+10	1.021490e+12	-4.696560e+08	8.497810e+08	9.500000e+09	2.372000e+09	41.468795	26.910249	31.620956	AFE
7.789270e+08	-1.376212e+11	3.697217e+12	8.165319e+08	3.702640e+09	-3.251658e+08	-2.103693e+10	3.688521e+11	-3.670400e+08	2.550934e+08	9.500000e+09	2.372000e+09	45.888593	20.262164	33.849244	AFE
6.293105e+08	-7.156952e+10	1.613555e+12	5.358000e+08	3.889884e+09	-6.628808e+08	-2.607980e+10	1.970885e+12	-3.220367e+08	1.987295e+08	9.500000e+09	2.372000e+09	43.880942	48.670760	7.448299	AFE
7.520231e+08	-1.246872e+11	2.953321e+12	5.969145e+08	1.691037e+09	-6.670842e+08	-7.484514e+09	6.793605e+11	-4.278582e+08	7.537587e+08	9.500000e+09	2.372000e+09	62.284305	21.848630	15.867065	AFE
7.583174e+08	-1.214061e+11	3.204807e+12	8.084489e+08	2.412217e+09	-8.002495e+08	-1.924658e+10	3.134406e+12	-4.386829e+08	3.280082e+08	9.500000e+09	2.372000e+09	43.880942	48.670760	7.448299	AFE
7.085373e+08	-1.202959e+11	2.785971e+12	7.631539e+08	4.111305e+09	-4.158964e+08	-1.049716e+10	2.455208e+11	-8.471065e+07	4.072139e+08	9.500000e+09	2.372000e+09	12.743160	46.725753	40.531087	AFE
5.451210e+08	-5.769791e+10	1.160433e+12	4.410759e+08	2.330015e+09	-8.240374e+08	-8.374114e+09	1.562536e+12	-4.044259e+08	8.637593e+08	9.500000e+09	2.372000e+09	49.781915	15.631231	34.586854	AFE
8.180777e+08	-1.701055e+11	4.950597e+12	9.442850e+08	3.817441e+09	-6.097411e+08	-2.463561e+10	4.935737e+11	-3.487616e+08	2.445330e+08	9.500000e+09	2.372000e+09	61.757056	17.132319	21.110625	AFE
5.973165e+08	-8.861868e+10	1.811656e+12	6.719318e+08	1.012927e+09	-5.687490e+08	-1.659273e+10	5.699037e+11	-2.949396e+08	5.949622e+08	9.500000e+09	2.372000e+09	72.297502	14.418545	13.283953	AFE
5.671253e+08	-7.259503e+10	1.852433e+12	6.050797e+08	3.852883e+09	-4.308835e+08	-2.702938e+10	3.025666e+11	-7.034048e+07	2.454558e+08	9.500000e+09	2.372000e+09	12.743160	46.725753	40.531087	AFE
7.042781e+08	-1.357818e+11	3.209980e+12	7.863778e+08	4.391820e+09	-5.573592e+08	-2.424049e+10	1.182033e+12	-2.727813e+08	8.949937e+08	9.500000e+09	2.372000e+09	43.241081	26.921832	29.837087	AFE
6.752269e+08	-9.496452e+10	2.491684e+12	5.527270e+08	1.929528e+09	-1.000833e+09	-2.479025e+10	4.937135e+12	-4.619529e+08	3.544804e+08	9.500000e+09	2.372000e+09	43.241081	26.921832	29.837087	AFE
7.945612e+08	-1.318970e+11	3.303111e+12	8.277495e+08	4.421608e+09	-4.544957e+08	-2.729705e+10	3.803790e+11	-1.913178e+08	7.417445e+08	9.500000e+09	2.372000e+09	72.297502	14.418545	13.283953	AFE
5.534077e+08	-6.255864e+10	1.286478e+12	4.176856e+08	3.820403e+09	-6.469505e+08	-2.414071e+10	9.046031e+11	-3.243116e+08	6.906159e+08	9.500000e+09	2.372000e+09	12.743160	46.725753	40.531087	AFE
6.520865e+08	-9.291578e+10	1.760506e+12	7.346094e+08	4.026917e+09	-2.821093e+08	-2.473396e+10	4.331335e+11	-1.503084e+08	7.505947e+08	9.500000e+09	2.372000e+09	34.276605	59.557596	6.165799	AFE
7.048197e+08	-1.263645e+11	3.080308e+12	8.903574e+08	3.242354e+09	-8.313360e+08	-1.678961e+09	2.294055e+12	-4.518800e+08	5.193663e+08	9.500000e+09	2.372000e+09	47.796120	35.349339	16.854541	AFE
7.598752e+08	-1.775163e+11	5.115289e+12	9.268124e+08	2.230334e+09	-8.071202e+08	-6.614168e+09	1.052328e+12	-3.887346e+08	7.410376e+08	9.500000e+09	2.372000e+09	28.768878	64.620314	6.610808	AFE
7.171155e+08	-1.243924e+11	2.759814e+12	7.579615e+08	2.145166e+09	-1.123511e+09	-2.427611e+10	8.540278e+12	-4.985048e+08	5.983447e+08	9.500000e+09	2.372000e+09	28.768878	64.620314	6.610808	AFE
7.148749e+08	-1.486588e+11	4.256109e+12	7.369053e+08	1.563307e+09	-6.822922e+08	-2.373236e+10	1.230200e+12	-4.120795e+08	3.795539e+08	9.500000e+09	2.372000e+09	12.743160	46.725753	40.531087	AFE
7.938215e+08	-1.610470e+11	4.352764e+12	7.346240e+08	1.428198e+09	-3.773024e+08	-2.383056e+10	6.998262e+11	-1.447997e+08	7.899384e+08	9.500000e+09	2.372000e+09	50.918935	13.359581	35.721484	AFE
5.622250e+08	-8.299736e+10	1.609861e+12	5.835099e+08	4.347421e+09	-4.978843e+08	-2.329265e+10	8.001512e+11	-1.480425e+08	3.614675e+08	9.500000e+09	2.372000e+09	12.846607	73.340222	13.813171	AFE
6.485981e+08	-8.651401e+10	1.899720e+12	7.614370e+08	2.882734e+09	-7.208217e+08	-7.855550e+09	4.113454e+11	-4.214265e+08	5.396671e+08	9.500000e+09	2.372000e+09	12.743160	46.725753	40.531087	AFE
7.174219e+08	-1.261765e+11	3.447761e+12	7.846986e+08	2.578305e+09	-9.543593e+08	-2.441762e+10	6.724763e+12	-4.133544e+08	7.120165e+08	9.500000e+09	2.372000e+09	21.600969	39.984328	38.414704	AFE
7.022042e+08	-1.193170e+11	3.178850e+12	7.016823e+08	1.539414e+09	-6.723539e+08	-9.067763e+09	1.198989e+12	-3.924652e+08	4.297502e+08	9.500000e+09	2.372000e+09	72.297502	14.418545	13.283953	AFE
5.523650e+08	-6.500603e+10	1.097294e+12	4.501649e+08	4.020740e+09	-7.050911e+08	-2.589404e+10	3.624714e+12	-4.699225e+08	7.834890e+08	9.500000e+09	2.372000e+09	43.880942	48.670760	7.448299	AFE
6.299919e+08	-8.331422e+10	2.043539e+12	5.074947e+08	1.810344e+09	-9.054953e+08	-2.526832e+10	3.441091e+12	-4.091677e+08	8.384095e+08	9.500000e+09	2.372000e+09	19.184062	62.039017	18.776922	AFE
6.049671e+08	-6.838670e+10	1.546992e+12	5.636082e+08	3.794392e+09	-9.340394e+08	-7.797622e+09	1.961924e+12	-4.484025e+08	8.997907e+08	9.500000e+09	2.372000e+09	17.643267	69.945120	12.411614	AFE
5.850057e+08	-8.219412e+10	2.334443e+12	5.975051e+08	3.461348e+09	-6.626141e+08	-7.586282e+09	3.904272e+11	-3.165222e+08	2.493752e+08	9.500000e+09	2.372000e+09	58.632786	26.932175	14.435039	AFE
7.739343e+08	-1.074716e+11	2.818156e+12	6.677407e+08	3.273763e+09	-3.359828e+08	-2.339236e+10	3.752552e+11	-1.128142e+08	6.896019e+08	9.500000e+09	2.372000e+09	10.836841	52.880707	36.282451	AFE
6.077177e+08	-1.133352e+11	2.611143e+12	7.315421e+08	2.008909e+09	-3.612660e+08	-1.411333e+10	1.080656e+11	-2.281413e+08	9.093407e+08	9.500000e+09	2.372000e+09	45.888593	20.262164	33.849244	AFE
6.963851e+08	-9.647275e+10	2.437041e+12	6.690239e+08	1.064236e+09	-3.174078e+08	-2.660488e+10	4.911632e+11	-7.397845e+07	2.356568e+08	9.500000e+09	2.372000e+09	43.241081	26.921832	29.837087	AFE
7.401748e+08	-1.098509e+11	2.929833e+12	5.606242e+08	1.887831e+09	-5.629928e+08	-1.519742e+10	7.180836e+11	-2.616386e+08	6.882486e+08	9.500000e+09	2.372000e+09	56.784824	20.244327	22.970849	AFE
5.545482e+08	-1.218573e+11	3.287179e+12	7.291869e+08	3.482845e+09	-7.824253e+08	-7.867730e+09	1.907213e+12	-4.227641e+08	2.209755e+08	9.500000e+09	2.372000e+09	12.743160	46.725753	40.531087	AFE
5.918953e+08	-9.714418e+10	2.572219e+12	6.273488e+08	4.060706e+09	-4.510890e+08	-1.316434e+10	3.141443e+11	-4.367049e+08	8.767367e+08	9.500000e+09	2.372000e+09	47.281000	45.001618	7.717382	AFE
5.929013e+08	-1.283722e+11	3.535712e+12	6.685765e+08	1.730878e+09	-6.084100e+08	-2.447358e+10	1.503486e+12	-4.062834e+08	3.980300e+08	9.500000e+09	2.372000e+09	56.784824	20.244327	22.970849	AFE
6.504914e+08	-9.036245e+10	2.063160e+12	6.051149e+08	2.417865e+09	-3.843427e+08	-2.504896e+10	3.195583e+11	-1.560664e+08	8.203218e+08	9.500000e+09	2.372000e+09	12.743160	46.725753	40.531087	AFE
7.641644e+08	-1.268561e+11	2.942693e+12	7.352132e+08	2.143467e+09	-5.913482e+08	-6.930840e+09	4.007818e+11	-3.959543e+08	8.285569e+08	9.500000e+09	2.372000e+09	20.225016	49.260333	30.514651	AFE
6.405119e+08	-9.448808e+10	2.685814e+12	5.757922e+08	2.157782e+09	-9.266144e+08	-2.733849e+10	5.252332e+12	-4.796992e+08	4.258539e+08	9.500000e+09	2.372000e+09	72.297502	14.418545	13.283953	AFE
5.855415e+08	-7.976084e+10	1.390166e+12	6.202346e+08	2.139322e+09	-1.056231e+09	-2.214950e+10	8.731685e+12	-4.792129e+08	4.541788e+08	9.500000e+09	2.372000e+09	61.757056	17.132319	21.110625	AFE
5.925234e+08	-5.657085e+10	9.750264e+11	5.496782e+08	4.113912e+09	-5.558996e+08	-2.800570e+10	1.532352e+12	-4.200926e+08	7.135742e+08	9.500000e+09	2.372000e+09	72.297502	14.418545	13.283953	AFE
7.256279e+08	-1.479467e+11	4.038191e+12	7.961886e+08	4.435964e+09	-7.414954e+08	-1.209115e+10	2.641578e+12	-4.409533e+08	3.507023e+08	9.500000e+09	2.372000e+09	10.836841	52.880707	36.282451	AFE
6.862800e+08	-1.200619e+11	2.975968e+12	5.367030e+08	1.984574e+09	-4.453810e+08	-2.720424e+10	6.125679e+11	-1.619012e+08	6.943102e+08	9.500000e+09	2.372000e+09	72.297502	14.418545	13.283953	AFE
8.138362e+08	-1.759123e+11	4.870724e+12	8.750795e+08	4.864118e+09	-7.853300e+08	-1.460165e+10	2.864980e+12	-4.366141e+08	6.975095e+08	9.500000e+09	2.372000e+09	45.888593	20.262164	33.849244	AFE
6.741997e+08	-1.219641e+11	3.305186e+12	7.366328e+08	1.707211e+09	-9.804385e+08	-1.030350e+10	5.055130e+12	-4.615580e+08	8.548996e+08	9.500000e+09	2.372000e+09	20.090519	68.131188	11.778293	AFE
6.737295e+08	-9.403234e+10	2.641327e+12	6.875822e+08	1.993015e+09	-5.046243e+08	-1.301591e+10	2.198600e+11	-2.844614e+08	2.018862e+08	9.500000e+09	2.372000e+09	42.968779	17.810825	39.220396	AFE
6.520865e+08	-9.291578e+10	1.760506e+12	7.346094e+08	4.026917e+09	-2.821093e+08	-2.473396e+10	4.331335e+11	-1.503084e+08	7.505947e+08	9.500000e+09	2.372000e+09	72.297502	14.418545	13.283953	AFE
7.891770e+08	-1.446189e+11	3.680343e+12	8.128429e+08	4.145783e+09	-6.039293e+08	-2.393810e+10	1.339201e+12	-4.020057e+08	1.944485e+08	9.500000e+09	2.372000e+09	49.623885	5.330405	45.045710	AFE
5.418735e+08	-4.727464e+10	7.085729e+11	4.061550e+08	3.681794e+09	-3.697073e+08	-1.289291e+10	3.471309e+11	-2.173737e+08	7.029777e+08	9.500000e+09	2.372000e+09	45.888593	20.262164	33.849244	AFE
5.523650e+08	-6.500603e+10	1.097294e+12	4.501649e+08	4.020740e+09	-7.050911e+08	-2.589404e+10	3.624714e+12	-4.699225e+08	7.834890e+08	9.500000e+09	2.372000e+09	12.846607	73.340222	13.813171	AFE
6.283444e+08	-1.080961e+11	2.806873e+12	6.774395e+08	3.743514e+09	-7.285596e+08	-2.425083e+10	1.780356e+12	-4.416905e+08	3.790524e+08	9.500000e+09	2.372000e+09	52.541462	8.558492	38.900046	AFE
6.308464e+08	-9.744878e+10	2.083263e+12	5.798411e+08	2.039803e+09	-7.661327e+08	-2.282001e+10	2.583002e+12	-4.146577e+08	3.492696e+08	9.500000e+09	2.372000e+09	52.541462	8.558492	38.900046	AFE
5.613001e+08	-1.059678e+11	2.697417e+12	6.255998e+08	1.882484e+09	-1.015705e+09	-2.812858e+10	4.907942e+12	-4.914177e+08	8.061706e+08	9.500000e+09	2.372000e+09	49.781915	15.631231	34.586854	AFE
6.739344e+08	-1.117952e+11	3.187737e+12	7.170609e+08	1.675049e+09	-2.958014e+08	-2.312261e+10	4.494562e+11	-8.213663e+07	8.848756e+08	9.500000e+09	2.372000e+09	72.297502	14.418545	13.283953	AFE
6.171304e+08	-8.583393e+10	2.340666e+12	5.192781e+08	2.832885e+09	-1.003112e+09	-1.749091e+10	4.989117e+12	-4.996161e+08	1.712441e+08	9.500000e+09	2.372000e+09	12.743160	46.725753	40.531087	AFE
6.406419e+08	-8.263956e+10	1.867177e+12	7.269149e+08	4.323783e+09	-5.378859e+08	-2.292491e+10	1.016705e+12	-4.036870e+08	5.084530e+08	9.500000e+09	2.372000e+09	40.490864	50.662114	8.847022	AFE
5.591361e+08	-6.325316e+10	1.086711e+12	4.481410e+08	2.683212e+09	-7.200283e+08	-2.299906e+09	9.395847e+11	-4.284390e+08	4.554532e+08	9.500000e+09	2.372000e+09	49.781915	15.631231	34.586854	AFE
7.516249e+08	-1.368385e+11	3.778010e+12	7.200391e+08	3.600001e+09	-9.362922e+08	-2.735196e+10	3.483676e+12	-4.126855e+08	1.809011e+08	9.500000e+09	2.372000e+09	20.090519	68.131188	11.778293	AFE
7.117034e+08	-1.460014e+11	4.211631e+12	7.566705e+08	1.011186e+09	-4.518936e+08	-2.745681e+10	9.335722e+11	-1.118440e+08	4.276856e+08	9.500000e+09	2.372000e+09	12.846607	73.340222	13.813171	AFE
7.855544e+08	-1.923437e+11	5.465962e+12	9.534239e+08	1.460893e+09	-6.847414e+08	-2.058983e+10	1.942263e+12	-3.832091e+08	4.531483e+08	9.500000e+09	2.372000e+09	62.284305	21.848630	15.867065	AFE
7.968148e+08	-1.857521e+11	5.562564e+12	9.735337e+08	3.579730e+09	-4.480635e+08	-1.958057e+10	8.574532e+11	-2.112321e+08	6.582136e+08	9.500000e+09	2.372000e+09	49.778254	25.297902	24.923844	AFE
7.325732e+08	-1.051495e+11	2.571629e+12	8.295243e+08	3.601746e+09	-4.625638e+08	-2.736202e+10	5.104946e+11	-1.332150e+08	1.879457e+08	9.500000e+09	2.372000e+09	62.284305	21.848630	15.867065	AFE
7.247943e+08	-1.129929e+11	2.592769e+12	6.090002e+08	3.847921e+09	-4.571220e+08	-2.239919e+10	3.240870e+11	-1.603756e+08	4.670770e+08	9.500000e+09	2.372000e+09	42.968779	17.810825	39.220396	AFE
7.370319e+08	-1.471664e+11	3.827712e+12	8.600889e+08	3.748061e+09	-9.740599e+08	-2.238435e+10	3.326495e+12	-3.937076e+08	7.807811e+08	9.500000e+09	2.372000e+09	23.786821	63.290324	12.922855	AFE
8.359430e+08	-1.869909e+11	5.540359e+12	9.886881e+08	1.566420e+09	-7.599092e+08	-2.219991e+10	1.451425e+12	-3.969686e+08	8.972178e+08	9.500000e+09	2.372000e+09	26.512322	38.221038	35.266639	AFE
7.493932e+08	-1.154242e+11	2.857836e+12	6.777912e+08	3.782066e+09	-2.965282e+08	-2.314167e+10	3.044608e+11	-3.671696e+08	7.331294e+08	9.500000e+09	2.372000e+09	34.429149	31.151487	34.419364	AFE
5.718309e+08	-1.227819e+11	3.514320e+12	7.406557e+08	2.244214e+09	-4.224747e+08	-2.445836e+10	7.348802e+11	-1.106317e+08	8.272889e+08	9.500000e+09	2.372000e+09	12.743160	46.725753	40.531087	AFE
6.434610e+08	-9.118787e+10	1.763345e+12	7.726208e+08	3.442627e+09	-6.204521e+08	-2.492482e+10	1.201565e+12	-3.535748e+08	7.391077e+08	9.500000e+09	2.372000e+09	61.365191	23.300593	15.334216	AFE
6.678020e+08	-9.653520e+10	2.511128e+12	7.031378e+08	3.167976e+09	-5.905818e+08	-2.613124e+10	1.174841e+12	-1.372396e+08	6.466212e+08	9.500000e+09	2.372000e+09	72.297502	14.418545	13.283953	AFE
7.305896e+08	-9.396639e+10	2.211723e+12	5.777893e+08	2.301832e+09	-8.118646e+08	-2.728150e+10	2.158004e+12	-4.225278e+08	3.607549e+08	9.500000e+09	2.372000e+09	56.784824	20.244327	22.970849	AFE
5.755582e+08	-1.112350e+11	3.125184e+12	6.548299e+08	3.825046e+09	-3.562236e+08	-1.894205e+10	3.475069e+11	-2.299072e+08	7.286790e+08	9.500000e+09	2.372000e+09	12.846607	73.340222	13.813171	AFE
7.370319e+08	-1.471664e+11	3.827712e+12	8.600889e+08	3.748061e+09	-9.740599e+08	-2.238435e+10	3.326495e+12	-3.937076e+08	7.807811e+08	9.500000e+09	2.372000e+09	19.422134	40.321195	40.256671	AFE
7.194044e+08	-1.511791e+11	4.177514e+12	7.590942e+08	2.415392e+09	-3.464719e+08	-1.844223e+10	2.517141e+11	-9.451531e+07	2.385879e+08	9.500000e+09	2.372000e+09	45.888593	20.262164	33.849244	AFE
7.113179e+08	-1.192556e+11	2.958326e+12	8.044726e+08	2.302988e+09	-3.731987e+08	-2.873020e+10	1.040666e+12	-4.939692e+08	6.612898e+08	9.500000e+09	2.372000e+09	23.786821	63.290324	12.922855	AFE
6.566763e+08	-9.589495e+10	2.591728e+12	7.605650e+08	3.554654e+09	-4.850466e+08	-2.397727e+10	1.407919e+12	-3.386335e+08	7.948393e+08	9.500000e+09	2.372000e+09	12.743160	46.725753	40.531087	AFE
7.035370e+08	-1.499734e+11	4.162791e+12	7.882915e+08	1.508942e+09	-5.063669e+08	-2.477898e+10	1.309789e+12	-2.563635e+08	3.031388e+08	9.500000e+09	2.372000e+09	72.297502	14.418545	13.283953	AFE
6.314262e+08	-9.312977e+10	2.194640e+12	6.926422e+08	3.262296e+09	-5.719788e+08	-2.142555e+10	7.794277e+11	-1.862483e+08	9.213365e+08	9.500000e+09	2.372000e+09	52.541462	8.558492	38.900046	AFE
